0	22.7424964
1	22.7765769
2	22.8103675
3	22.7912597
4	22.7790813
5	22.6931533
6	22.6141109
7	22.5446109
8	22.5238246
9	22.5050849
10	22.5479469
11	22.5909004
12	22.6231269
13	22.6539306
14	22.6806201
15	22.6880359
16	22.6925697
17	22.6777553
18	22.6847934
19	22.6468429
20	22.6359424
21	22.6453475
22	22.6507453
23	22.6330394
24	22.6203422
25	22.6327991
26	22.6378974
27	22.6041107
28	22.5541076
29	22.5327854
30	22.5408649
31	22.5756149
32	22.5766239
33	22.5800933
34	22.6018047
35	22.5948772
36	22.5897331
37	22.5702285
38	22.5628089
39	22.5469264
40	22.5316944
41	22.4967899
42	22.495264
43	22.5742321
44	22.6394271
45	22.6981258
46	22.7038784
47	22.7135887
48	22.702917
49	22.709589
50	22.7383117
51	22.759428
52	22.7740325
53	22.7938194
54	22.8120498
55	22.818531
56	22.8100414
57	22.8064708
58	22.7722377
59	22.7316722
60	22.7025127
61	22.7255382
62	22.7280788
63	22.7136249
64	22.7027931
65	22.6782035
66	22.6962089
67	22.7091426
68	22.7063522
69	22.752346
70	22.7535991
71	22.7282714
72	22.6770629
73	22.6372852
74	22.6415252
75	22.6181678
76	22.6864109
77	22.7427387
78	22.7517738
79	22.7408237
80	22.7458648
81	22.7687835
82	22.8015899
83	22.8186073
84	22.7958011
85	22.7414245
86	22.7054004
87	22.628971
88	22.6044998
89	22.5837974
90	22.5513324
91	22.5333061
92	22.5728759
93	22.6166534
94	22.6149272
95	22.588087
96	22.5308475
97	22.4901847
98	22.4652118
99	22.4829692
100	22.4618892
101	22.427143
102	22.3690853
103	22.3400669
104	22.3147697
105	22.2940864
106	22.2933998
107	22.3026905
108	22.331705
109	22.3513374
110	22.3759765
111	22.3697357
112	22.3411712
113	22.3324813
114	22.3449211
115	22.3410472
116	22.3094367
117	22.2772636
118	22.253437
119	22.2708969
120	22.2992801
121	22.3302154
122	22.3290023
123	22.3245487
124	22.3479022
125	22.3213386
126	22.3001976
127	22.2837924
128	22.264019
129	22.2628593
130	22.2506332
131	22.2488498
132	22.2410964
133	22.2378768
134	22.2340564
135	22.2122592
136	22.2097415
137	22.2116241
138	22.2036514
139	22.2208709
140	22.2300338
141	22.2514057
142	22.2373466
143	22.2477741
144	22.2471733
145	22.2589588
146	22.2801189
147	22.3174781
148	22.3322238
149	22.339838
150	22.355751
151	22.3663768
152	22.374443
153	22.3943328
154	22.4052124
155	22.3823471
156	22.3949966
157	22.4166107
158	22.3915519
159	22.3324069
160	22.309122
161	22.3233814
162	22.3171176
163	22.3139362
164	22.3150024
165	22.3173637
166	22.3290214
167	22.3411045
168	22.3647994
169	22.3822097
170	22.3831501
171	22.393032
172	22.3919582
173	22.3750114
174	22.3589553
175	22.331911
176	22.3295688
177	22.3378791
178	22.3137035
179	22.2998123
180	22.3152084
181	22.3300056
182	22.3163242
183	22.3401336
184	22.3585376
185	22.3672542
186	22.3599262
187	22.3581047
188	22.3672122
189	22.3644046
190	22.3710498
191	22.3211631
192	22.3501529
193	22.3345966
194	22.3378028
195	22.3243045
196	22.2707519
197	22.2694988
198	22.2867679
199	22.3100357
200	22.3192653
201	22.3339481
202	22.3138999
203	22.294754
204	22.3030681
205	22.3103408
206	22.3096065
207	22.313055
208	22.2893829
209	22.3052864
210	22.2981491
211	22.3040924
212	22.3100624
213	22.3135013
214	22.3583583
215	22.3742656
216	22.3706951
217	22.3678359
218	22.3754768
219	22.3733978
220	22.388071
221	22.3943557
222	22.3425369
223	22.3218288
224	22.286211
225	22.2622718
226	22.2792243
227	22.2620868
228	22.2690849
229	22.2812938
230	22.2695159
231	22.2443962
232	22.2114925
233	22.1895771
234	22.1511478
235	22.1222
236	22.1251773
237	22.127531
238	22.1256809
239	22.1328506
240	22.1318264
241	22.1412372
242	22.1547393
243	22.1450004
244	22.1428451
245	22.1315155
246	22.1285381
247	22.1531391
248	22.1541137
249	22.1667671
250	22.1733798
251	22.1816406
252	22.2240104
253	22.2096138
254	22.220869
255	22.2319145
256	22.2133331
257	22.1748256
258	22.1961994
259	22.1667385
260	22.1659297
261	22.2065696
262	22.2141189
263	22.2237815
264	22.2355518
265	22.2395896
266	22.2826004
267	22.321022
268	22.3453502
269	22.3427581
270	22.3355922
271	22.3459873
272	22.361124
273	22.40942
274	22.4445228
275	22.4705238
276	22.4526062
277	22.4443187
278	22.4179706
279	22.4294071
280	22.4525718
281	22.4768543
282	22.4842338
283	22.4942913
284	22.5053577
285	22.5194835
286	22.5210838
287	22.5434913
288	22.5695056
289	22.5795288
290	22.565834
291	22.5371971
292	22.4995136
293	22.4730491
294	22.4763755
295	22.4783248
296	22.4342842
297	22.4286632
298	22.4105777
299	22.3996181
300	22.4336795
301	22.4882869
302	22.4767131
303	22.4757442
304	22.4757957
305	22.4799098
306	22.4685058
307	22.4890785
308	22.4850215
309	22.4978122
310	22.5128269
311	22.5297985
312	22.5121879
313	22.4890594
314	22.4766139
315	22.472557
316	22.4777278
317	22.4646625
318	22.4410018
319	22.4239578
320	22.4243068
321	22.4266395
322	22.4099311
323	22.3967857
324	22.395729
325	22.4181251
326	22.4260063
327	22.4327621
328	22.4719944
329	22.5202274
330	22.5387248
331	22.5109748
332	22.5362358
333	22.5353851
334	22.5338764
335	22.5348777
336	22.5337982
337	22.5009403
338	22.453001
339	22.4222202
340	22.4024124
341	22.4053936
342	22.4596309
343	22.460165
344	22.4401359
345	22.44248
346	22.4398403
347	22.4072952
348	22.438282
349	22.4645214
350	22.4779319
351	22.4934921
352	22.4883499
353	22.5075168
354	22.5150527
355	22.5103473
356	22.5054244
357	22.5212364
358	22.5309143
359	22.5469627
360	22.5423946
361	22.5484447
362	22.5534877
363	22.5172462
364	22.5004444
365	22.4732532
366	22.4479312
367	22.4317855
368	22.4390754
369	22.4583911
370	22.4355068
371	22.4465618
372	22.4586029
373	22.458889
374	22.4671688
375	22.4603004
376	22.4784908
377	22.4763755
378	22.4829444
379	22.49794
380	22.4870548
381	22.4763641
382	22.4944496
383	22.5043582
384	22.5101642
385	22.5067958
386	22.5019664
387	22.461708
388	22.4677944
389	22.4560852
390	22.5406608
391	22.6132221
392	22.6450881
393	22.6179637
394	22.6459102
395	22.7819137
396	22.8024406
397	22.8246307
398	22.8298797
399	22.8454265
400	22.7755146
401	22.7937641
402	22.7971229
403	22.7909774
404	22.7818202
405	22.7750968
406	22.7172813
407	22.7037887
408	22.7450294
409	22.7407703
410	22.7500514
411	22.7699012
412	22.8416042
413	22.8902454
414	22.8712024
415	22.8003311
416	22.7192401
417	22.6832141
418	22.6587448
419	22.6848621
420	22.7264976
421	22.7116012
422	22.7282123
423	22.7752113
424	22.7544307
425	22.7449493
426	22.7341423
427	22.7428836
428	22.7463169
429	22.7477188
430	22.7569618
431	22.739582
432	22.743864
433	22.7509536
434	22.765192
435	22.7786922
436	22.7643604
437	22.7463283
438	22.7400226
439	22.771717
440	22.7319335
441	22.7204265
442	22.7104988
443	22.7103252
444	22.7567043
445	22.7618083
446	22.7593517
447	22.7557735
448	22.742649
449	22.7496566
450	22.7786941
451	22.7892513
452	22.8014259
453	22.8331203
454	22.8738079
455	22.8766899
456	22.8268222
457	22.7964057
458	22.7726154
459	22.7886047
460	22.8303527
461	22.8537597
462	22.8688983
463	22.8672714
464	22.8500308
465	22.825241
466	22.8168754
467	22.8257179
468	22.8329448
469	22.8400573
470	22.8695316
471	22.8663902
472	22.8128299
473	22.8144588
474	22.7963237
475	22.805334
476	22.9568347
477	23.0358276
478	23.0136089
479	22.8818397
480	22.8385734
481	22.8302955
482	22.7937774
483	22.7622795
484	22.7326335
485	22.7661457
486	22.7260417
487	22.6977539
488	22.7256946
489	22.7578506
490	22.7276592
491	22.676773
492	22.6757888
493	22.6823024
494	22.692337
495	22.7205066
496	22.7378444
497	22.7697238
498	22.7668857
499	22.741043
500	22.7168331
501	22.7464466
502	22.7181625
503	22.739458
504	22.7194614
505	22.6691036
506	22.6412181
507	22.6046485
508	22.5794982
509	22.5772514
510	22.602703
511	22.6559123
512	22.6770515
513	22.6415424
514	22.6607036
515	22.6997699
516	22.7249279
517	22.7726287
518	22.7882881
519	22.8080844
520	22.849142
521	22.8618679
522	22.8722743
523	22.8151416
524	22.838768
525	22.8883857
526	22.9413833
527	22.9591999
528	22.9823341
529	22.9985561
530	23.0255336
531	23.0167789
532	23.0416564
533	23.0611953
534	23.0706424
535	23.0844211
536	23.0959568
537	23.0841236
538	23.0868701
539	23.0755863
540	23.0707397
541	23.0719127
542	23.0729942
543	23.0654888
544	23.0815963
545	23.0822162
546	23.0702037
547	23.055664
548	23.0151557
549	22.9255142
550	22.8658199
551	22.8770999
552	22.8599529
553	22.8585033
554	22.8724918
555	22.9028816
556	22.8959674
557	22.9088001
558	22.9200935
559	22.9041442
560	22.8674602
561	22.8496742
562	22.8441123
563	22.8565559
564	22.8604125
565	22.8476104
566	22.8525772
567	22.8613548
568	22.8272571
569	22.7986755
570	22.7726936
571	22.725605
572	22.7166614
573	22.6779708
574	22.6547679
575	22.6751937
576	22.7388362
577	22.7676601
578	22.7945022
579	22.8130187
580	22.8214397
581	22.8193206
582	22.8224411
583	22.8075141
584	22.8048458
585	22.798315
586	22.8158493
587	22.8313045
588	22.8285236
589	22.8303089
590	22.8105583
591	22.8013305
592	22.7956142
593	22.7945137
594	22.799282
595	22.8215293
596	22.83255
597	22.8252792
598	22.8180847
599	22.7891254
600	22.804491
601	22.7897968
602	22.7656345
603	22.7203712
604	22.7137374
605	22.6935119
606	22.6522865
607	22.6332836
608	22.6029834
609	22.594635
610	22.5882244
611	22.5724201
612	22.5875511
613	22.5827407
614	22.5879268
615	22.5776576
616	22.565689
617	22.579092
618	22.5968284
619	22.6096591
620	22.6057929
621	22.6333827
622	22.6426105
623	22.6600513
624	22.6766338
625	22.6751155
626	22.6711521
627	22.6783905
628	22.6806068
629	22.6463603
630	22.6420059
631	22.6791248
632	22.7081661
633	22.7363204
634	22.7364292
635	22.7086944
636	22.6761074
637	22.6041278
638	22.5642337
639	22.5853595
640	22.6194114
641	22.5916156
642	22.5895385
643	22.6062602
644	22.6127357
645	22.6118373
646	22.6038188
647	22.6070251
648	22.6293754
649	22.6359291
650	22.6517848
651	22.6470031
652	22.658123
653	22.667448
654	22.6603736
655	22.6570224
656	22.6409893
657	22.6264877
658	22.6315555
659	22.5964336
660	22.5774059
661	22.5730609
662	22.5739459
663	22.540554
664	22.5242881
665	22.5339679
666	22.5503711
667	22.5803699
668	22.585289
669	22.5770626
670	22.5617809
671	22.5353851
672	22.5054855
673	22.5216464
674	22.4991321
675	22.4777755
676	22.4790706
677	22.4740352
678	22.48736
679	22.4969978
680	22.5153942
681	22.4737167
682	22.4142284
683	22.4042739
684	22.4192943
685	22.407629
686	22.3842678
687	22.371212
688	22.3818531
689	22.3708801
690	22.3675308
691	22.394699
692	22.4135246
693	22.3972682
694	22.3996696
695	22.428585
696	22.4188251
697	22.4113769
698	22.3902473
699	22.3855934
700	22.3742179
701	22.4372291
702	22.4456272
703	22.4232196
704	22.4054641
705	22.3793354
706	22.4044818
707	22.4277992
708	22.416397
709	22.386877
710	22.409029
711	22.4299488
712	22.4269847
713	22.4119014
714	22.3976783
715	22.4060897
716	22.4013996
717	22.3979759
718	22.4005756
719	22.4042968
720	22.4077339
721	22.4295959
722	22.4531059
723	22.4686584
724	22.4833221
725	22.4993267
726	22.4980831
727	22.4992694
728	22.5030326
729	22.5046024
730	22.466526
731	22.4640865
732	22.4804515
733	22.4900207
734	22.4250679
735	22.4035415
736	22.4115219
737	22.384386
738	22.3590106
739	22.3243484
740	22.3137588
741	22.3042869
742	22.3087825
743	22.3010444
744	22.2920246
745	22.2912178
746	22.2870464
747	22.3254623
748	22.317337
749	22.3238105
750	22.3172092
751	22.3090705
752	22.306343
753	22.3090286
754	22.3259677
755	22.3118286
756	22.3294582
757	22.3343219
758	22.3203182
759	22.3288593
760	22.3419837
761	22.3611736
762	22.404478
763	22.4876213
764	22.620222
765	22.6547107
766	22.6680755
767	22.6677036
768	22.7021331
769	22.7163524
770	22.7164955
771	22.7041263
772	22.6665325
773	22.6560821
774	22.6568794
775	22.6876888
776	22.7065734
777	22.7192955
778	22.7076206
779	22.7276821
780	22.761753
781	22.7728614
782	22.745922
783	22.695446
784	22.6576156
785	22.6563529
786	22.6686096
787	22.6659088
788	22.6287212
789	22.5885868
790	22.6027221
791	22.5933742
792	22.5890522
793	22.5645713
794	22.5655288
795	22.5921669
796	22.613449
797	22.6430931
798	22.6689929
799	22.6968975
800	22.7213687
801	22.735445
802	22.7267761
803	22.6941452
804	22.6642742
805	22.6593208
806	22.6632556
807	22.6765441
808	22.6715412
809	22.6650943
810	22.6491756
811	22.6023044
812	22.5860786
813	22.5924491
814	22.5830173
815	22.5923767
816	22.592081
817	22.614645
818	22.6329669
819	22.6511821
820	22.6689567
821	22.6801795
822	22.6934757
823	22.7134475
824	22.7208671
825	22.7384223
826	22.7583961
827	22.7746696
828	22.7605438
829	22.7237243
830	22.723669
831	22.7136077
832	22.6976337
833	22.7118778
834	22.7060661
835	22.6944293
836	22.6784343
837	22.6675376
838	22.6522502
839	22.6723041
840	22.6699371
841	22.6767559
842	22.6822376
843	22.7067852
844	22.703432
845	22.7031841
846	22.6898422
847	22.6845264
848	22.658348
849	22.6318149
850	22.5874443
851	22.5864906
852	22.5973911
853	22.5886344
854	22.5846595
855	22.6059761
856	22.5952377
857	22.5286445
858	22.5262184
859	22.4848766
860	22.4801959
861	22.4801673
862	22.4299221
863	22.4601936
864	22.4626388
865	22.4463748
866	22.4422569
867	22.4479389
868	22.4790878
869	22.4618415
870	22.442213
871	22.4296531
872	22.4227981
873	22.4299774
874	22.4157733
875	22.4023132
876	22.3730163
877	22.3717021
878	22.3650512
879	22.3747425
880	22.3773574
881	22.3630962
882	22.3708667
883	22.3606185
884	22.338747
885	22.3515644
886	22.331192
887	22.3260345
888	22.324644
889	22.3360633
890	22.3504219
891	22.3824691
892	22.3910102
893	22.3965167
894	22.3835468
895	22.3968429
896	22.387825
897	22.4022178
898	22.3913993
899	22.3649864
900	22.3752307
901	22.3991889
902	22.3513698
903	22.3152465
904	22.3454341
905	22.3554306
906	22.3412208
907	22.3712234
908	22.3386135
909	22.3071117
910	22.2868289
911	22.2661647
912	22.2344627
913	22.2037658
914	22.2612209
915	22.2914428
916	22.3302383
917	22.3312015
918	22.3374462
919	22.3924217
920	22.4156684
921	22.447731
922	22.4759769
923	22.4529094
924	22.4577369
925	22.419588
926	22.4286155
927	22.4577484
928	22.5105571
929	22.509056
930	22.5177536
931	22.5248718
932	22.4968032
933	22.4724349
934	22.4443607
935	22.4001598
936	22.3435211
937	22.3004417
938	22.2759342
939	22.3068618
940	22.3325729
941	22.3371982
942	22.3320217
943	22.3391628
944	22.3474845
945	22.3462333
946	22.405447
947	22.4346408
948	22.4635467
949	22.4846534
950	22.4794445
951	22.4553394
952	22.4163665
953	22.4185333
954	22.4912776
955	22.5324039
956	22.5619411
957	22.620861
958	22.5614318
959	22.5297527
960	22.5120162
961	22.5319633
962	22.529478
963	22.5510578
964	22.5568656
965	22.5172653
966	22.4975547
967	22.5139808
968	22.5351505
969	22.5400733
970	22.5513973
971	22.5562858
972	22.5361099
973	22.5130901
974	22.4982566
975	22.5219535
976	22.4940242
977	22.4982585
978	22.491846
979	22.5061893
980	22.5387592
981	22.557455
982	22.5788249
983	22.5727939
984	22.6102466
985	22.5875644
986	22.5606231
987	22.5863571
988	22.5272369
989	22.4774303
990	22.471405
991	22.4283123
992	22.3630161
993	22.3476734
994	22.3237171
995	22.3057231
996	22.2524433
997	22.2334289
998	22.2638988
999	22.2397556
1000	22.2574996
1001	22.3005867
1002	22.2960033
1003	22.308279
1004	22.3050689
1005	22.3014125
1006	22.2805633
1007	22.2840728
1008	22.2996292
1009	22.3112258
1010	22.3003997
1011	22.2814445
1012	22.2718296
1013	22.2708759
1014	22.2778129
1015	22.2459945
1016	22.2367477
1017	22.2333221
1018	22.218029
1019	22.1980686
1020	22.1943645
1021	22.1628589
1022	22.1779651
1023	22.1696796
1024	22.1529865
1025	22.107275
1026	22.10079
1027	22.0837135
1028	22.0942382
1029	22.1004085
1030	22.0965747
1031	22.1056098
1032	22.1152019
1033	22.1344871
1034	22.1340026
1035	22.1649246
1036	22.1665687
1037	22.1424026
1038	22.1111469
1039	22.0985031
1040	22.0974235
1041	22.0886287
1042	22.1048202
1043	22.0815048
1044	22.044857
1045	22.0389518
1046	22.0500679
1047	22.0925846
1048	22.116312
1049	22.0891437
1050	22.087881
1051	22.0778503
1052	22.0855598
1053	22.064476
1054	22.1026802
1055	22.1045589
1056	22.0938949
1057	22.0858268
1058	22.1031398
1059	22.1079616
1060	22.1139125
1061	22.1052513
1062	22.1042823
1063	22.1000976
1064	22.1104469
1065	22.1140422
1066	22.1267108
1067	22.1226062
1068	22.1410198
1069	22.1416683
1070	22.1454391
1071	22.1332263
1072	22.1426715
1073	22.1107044
1074	22.0743713
1075	22.0870151
1076	22.1158599
1077	22.0910358
1078	22.0950603
1079	22.0776958
1080	22.0731124
1081	22.0769844
1082	22.0813465
1083	22.1029357
1084	22.0798511
1085	22.0378208
1086	22.0282382
1087	22.0319805
1088	22.0369281
1089	22.0412673
1090	22.0325241
1091	22.0510292
1092	22.0410041
1093	22.0191516
1094	22.0371322
1095	22.0386524
1096	22.0683937
1097	22.0520076
1098	22.0637969
1099	22.0969753
1100	22.0662937
1101	22.0892562
1102	22.0971126
1103	22.0657176
1104	22.0581874
1105	22.0715656
1106	22.0593338
1107	22.0789642
1108	22.1107692
1109	22.1201553
1110	22.1745796
1111	22.143465
1112	22.1566791
1113	22.1675872
1114	22.1803989
1115	22.1653919
1116	22.1459598
1117	22.0983963
1118	22.0698795
1119	22.0825271
1120	22.1268768
1121	22.1312332
1122	22.1551265
1123	22.1623287
1124	22.1641902
1125	22.1513614
1126	22.1224288
1127	22.1123828
1128	22.1221141
1129	22.1683902
1130	22.1475334
1131	22.1404209
1132	22.2041473
1133	22.2590389
1134	22.2185153
1135	22.176445
1136	22.1819915
1137	22.1939144
1138	22.1664848
1139	22.1481323
1140	22.1735038
1141	22.2040576
1142	22.216793
1143	22.2064723
1144	22.2031364
1145	22.2035713
1146	22.2141265
1147	22.2141284
1148	22.1943912
1149	22.2135562
1150	22.2088947
1151	22.1891174
1152	22.1770229
1153	22.1817722
1154	22.204586
1155	22.2135562
1156	22.2153606
1157	22.2228889
1158	22.2353076
1159	22.2364578
1160	22.2612571
1161	22.2475585
1162	22.228012
1163	22.212778
1164	22.2264976
1165	22.2408523
1166	22.2424297
1167	22.2471599
1168	22.2409324
1169	22.2114181
1170	22.1858634
1171	22.1813659
1172	22.2026004
1173	22.214075
1174	22.1832332
1175	22.1937007
1176	22.1546821
1177	22.1414928
1178	22.1441497
1179	22.1651706
1180	22.1868972
1181	22.2347278
1182	22.2520904
1183	22.2720546
1184	22.279356
1185	22.229433
1186	22.2748775
1187	22.230936
1188	22.1927413
1189	22.1473503
1190	22.1368541
1191	22.1384353
1192	22.1764354
1193	22.1886463
1194	22.2054405
1195	22.1982421
1196	22.1901874
1197	22.1623058
1198	22.1530933
1199	22.1217098
1200	22.0810012
1201	22.0832405
1202	22.1008338
1203	22.122425
1204	22.1713905
1205	22.1873493
1206	22.1730613
1207	22.1938133
1208	22.1849994
1209	22.1990509
1210	22.1791286
1211	22.1580142
1212	22.1669063
1213	22.1755123
1214	22.1877288
1215	22.1928081
1216	22.1708087
1217	22.1719112
1218	22.1723384
1219	22.1633682
1220	22.1628665
1221	22.1473274
1222	22.17
1223	22.1957092
1224	22.1811313
1225	22.164112
1226	22.1606159
1227	22.1309032
1228	22.1395225
1229	22.1460189
1230	22.1461925
1231	22.1483573
1232	22.1336002
1233	22.1405162
1234	22.1161117
1235	22.0732917
1236	22.054491
1237	22.0752048
1238	22.1403083
1239	22.1496543
1240	22.1622791
1241	22.1760005
1242	22.1372241
1243	22.1260623
1244	22.135374
1245	22.1536884
1246	22.1735496
1247	22.1574516
1248	22.1505432
1249	22.1267318
1250	22.0725345
1251	22.0380363
1252	22.0332126
1253	22.0177211
1254	22.0004844
1255	22.0022335
1256	22.0181293
1257	22.0050868
1258	22.0194358
1259	22.072647
1260	22.0917186
1261	22.100275
1262	22.1174793
1263	22.117567
1264	22.1087779
1265	22.1161117
1266	22.1311111
1267	22.1437129
1268	22.1534538
1269	22.1641254
1270	22.1497287
1271	22.1206531
1272	22.1135063
1273	22.1157073
1274	22.1230354
1275	22.132658
1276	22.1397628
1277	22.1516094
1278	22.135456
1279	22.1342811
1280	22.1437549
1281	22.1800746
1282	22.1797504
1283	22.1982707
1284	22.2022151
1285	22.1987476
1286	22.2231979
1287	22.2443351
1288	22.236803
1289	22.2024841
1290	22.1965789
1291	22.1680622
1292	22.157814
1293	22.1311435
1294	22.1236305
1295	22.1397361
1296	22.1397705
1297	22.1522026
1298	22.1522884
1299	22.196474
1300	22.2094593
1301	22.2304515
1302	22.2559547
1303	22.2640342
1304	22.2564792
1305	22.2563304
1306	22.2722244
1307	22.2609672
1308	22.2486209
1309	22.2779312
1310	22.2780189
1311	22.2568435
1312	22.2859039
1313	22.266016
1314	22.2555427
1315	22.2942829
1316	22.2876586
1317	22.2692298
1318	22.2296524
1319	22.2373237
1320	22.2837867
1321	22.2564849
1322	22.2851428
1323	22.2734279
1324	22.2451324
1325	22.2195549
1326	22.222948
1327	22.2186889
1328	22.2065029
1329	22.2157001
1330	22.2125129
1331	22.2064609
1332	22.2217807
1333	22.2306842
1334	22.2228202
1335	22.22303
1336	22.21875
1337	22.2045116
1338	22.1673355
1339	22.1450004
1340	22.1299228
1341	22.1283206
1342	22.1395416
1343	22.1474075
1344	22.153511
1345	22.1486244
1346	22.1628875
1347	22.1501102
1348	22.1671199
1349	22.1828041
1350	22.2000083
1351	22.2020359
1352	22.2266063
1353	22.2388496
1354	22.2636566
1355	22.2839012
1356	22.2942581
1357	22.2798519
1358	22.2690544
1359	22.2802371
1360	22.3183956
1361	22.3367938
1362	22.3296356
1363	22.3196964
1364	22.2988929
1365	22.3562107
1366	22.4175662
1367	22.4167785
1368	22.3881244
1369	22.3805866
1370	22.3364391
1371	22.3208389
1372	22.3507175
1373	22.4019432
1374	22.4494571
1375	22.4891986
1376	22.5102767
1377	22.4985561
1378	22.4918422
1379	22.5019798
1380	22.5096302
1381	22.5040664
1382	22.4904041
1383	22.4879703
1384	22.5271606
1385	22.5587005
1386	22.5770683
1387	22.5465564
1388	22.5224246
1389	22.5235271
1390	22.5234012
1391	22.5167217
1392	22.5511875
1393	22.5593795
1394	22.577919
1395	22.5843124
1396	22.5936088
1397	22.5956497
1398	22.5791606
1399	22.5636444
1400	22.5669517
1401	22.5814399
1402	22.6145324
1403	22.6466102
1404	22.6764698
1405	22.7089118
1406	22.7071456
1407	22.7215805
1408	22.7174777
1409	22.7382278
1410	22.7398796
1411	22.7441978
1412	22.7531147
1413	22.779848
1414	22.8134326
1415	22.8258571
1416	22.8106155
1417	22.7845649
1418	22.7879638
1419	22.7767524
1420	22.7804718
1421	22.795824
1422	22.809412
1423	22.8195075
1424	22.8456783
1425	22.8674812
1426	22.8866081
1427	22.9041328
1428	22.9183349
1429	22.9376678
1430	22.9533977
1431	22.9406013
1432	22.9409523
1433	22.9343204
1434	22.8942108
1435	22.8652954
1436	22.8256111
1437	22.771696
1438	22.7311344
1439	22.7025775
1440	22.6883678
1441	22.6518878
1442	22.6521377
1443	22.6391792
1444	22.6395034
1445	22.6350994
1446	22.6545772
1447	22.6532745
1448	22.6587028
1449	22.6242771
1450	22.6069812
1451	22.6137104
1452	22.6019592
1453	22.6001777
1454	22.6208305
1455	22.660017
1456	22.6742286
1457	22.6609745
1458	22.6571807
1459	22.6342887
1460	22.651453
1461	22.6836566
1462	22.7036285
1463	22.7003898
1464	22.6971473
1465	22.6962299
1466	22.7008914
1467	22.7044982
1468	22.692173
1469	22.6868438
1470	22.6961975
1471	22.6876029
1472	22.6746711
1473	22.6536045
1474	22.646471
1475	22.6619033
1476	22.687931
1477	22.7034111
1478	22.7282409
1479	22.7324619
1480	22.7481365
1481	22.7569122
1482	22.772192
1483	22.7968482
1484	22.8049545
1485	22.8230285
1486	22.8215007
1487	22.8596839
1488	22.8967494
1489	22.9280147
1490	22.9691905
1491	23.0011806
1492	23.025608
1493	23.0357322
1494	23.0533466
1495	23.0700798
1496	23.0957355
1497	23.094326
1498	23.1202621
1499	23.1224899
1500	23.1389179
1501	23.13945
1502	23.1555366
1503	23.1274662
1504	23.1254653
1505	23.1155185
1506	23.0574321
1507	22.9837989
1508	22.9347839
1509	22.9244251
1510	22.8989276
1511	22.927246
1512	22.9238948
1513	22.9156894
1514	22.9153766
1515	22.937046
1516	22.9566669
1517	23.0023937
1518	23.0270481
1519	23.0578727
1520	23.0917224
1521	23.1167697
1522	23.1338233
1523	23.1316204
1524	23.1451454
1525	23.1628894
1526	23.1836776
1527	23.1896934
1528	23.1788482
1529	23.1789608
1530	23.1732273
1531	23.1679897
1532	23.1805553
1533	23.2259941
1534	23.2671928
1535	23.2803916
1536	23.2852325
1537	23.2615337
1538	23.2463893
1539	23.2101154
1540	23.1940345
1541	23.1705112
1542	23.116188
1543	23.0988063
1544	23.1517715
1545	23.2273674
1546	23.2576808
1547	23.2718524
1548	23.2164878
1549	23.2464694
1550	23.2659664
1551	23.270338
1552	23.3093891
1553	23.3036899
1554	23.3053436
1555	23.2983303
1556	23.2925109
1557	23.3051986
1558	23.3100032
1559	23.318531
1560	23.3053932
1561	23.3367538
1562	23.3454532
1563	23.3602867
1564	23.3627643
1565	23.3672142
1566	23.3651084
1567	23.3795394
1568	23.3643302
1569	23.3532848
1570	23.3292274
1571	23.3245849
1572	23.2951641
1573	23.2793865
1574	23.2631282
1575	23.2599105
1576	23.2775821
1577	23.2773532
1578	23.2836685
1579	23.3022613
1580	23.3075942
1581	23.3381423
1582	23.3336563
1583	23.3423843
1584	23.3604755
1585	23.3848686
1586	23.4078865
1587	23.4135227
1588	23.4244632
1589	23.4445037
1590	23.4530773
1591	23.4746646
1592	23.4185657
1593	23.3602428
1594	23.2859859
1595	23.2524738
1596	23.2454357
1597	23.3003177
1598	23.3402824
1599	23.3612957
1600	23.3718795
1601	23.4127769
1602	23.4433822
1603	23.463665
1604	23.472311
1605	23.4735641
1606	23.4370994
1607	23.4070148
1608	23.4318122
1609	23.4412937
1610	23.4489688
1611	23.4276676
1612	23.4359054
1613	23.4324493
1614	23.4119892
1615	23.4012222
1616	23.4041061
1617	23.4143943
1618	23.4256286
1619	23.4451389
1620	23.4602718
1621	23.4666156
1622	23.4813098
1623	23.4886779
1624	23.500595
1625	23.506546
1626	23.4847564
1627	23.4953231
1628	23.4752902
1629	23.4536151
1630	23.4524593
1631	23.4690608
1632	23.4715499
1633	23.4761085
1634	23.4621467
1635	23.4575901
1636	23.4303226
1637	23.4068908
1638	23.4134197
1639	23.413351
1640	23.4116935
1641	23.3822383
1642	23.3557815
1643	23.3418788
1644	23.3406295
1645	23.357666
1646	23.3756027
1647	23.4003047
1648	23.3924865
1649	23.4040679
1650	23.4190769
1651	23.4131565
1652	23.3878688
1653	23.3792018
1654	23.3875274
1655	23.3715324
1656	23.3675193
1657	23.3730621
1658	23.3662528
1659	23.37257
1660	23.3717727
1661	23.3605175
1662	23.3528518
1663	23.33889
1664	23.3320274
1665	23.3237838
1666	23.3105468
1667	23.3050518
1668	23.2924652
1669	23.2781562
1670	23.2344055
1671	23.2041931
1672	23.1906471
1673	23.1513633
1674	23.1261043
1675	23.1216735
1676	23.1441898
1677	23.1462631
1678	23.1419258
1679	23.158535
1680	23.1948604
1681	23.2064189
1682	23.2247562
1683	23.2467727
1684	23.2575187
1685	23.2895202
1686	23.3187637
1687	23.3265914
1688	23.3341846
1689	23.341938
1690	23.3379001
1691	23.3436241
1692	23.3450317
1693	23.3487796
1694	23.3408775
1695	23.3504734
1696	23.366415
1697	23.3806438
1698	23.3402729
1699	23.2491722
1700	23.2105026
1701	23.1746406
1702	23.1509876
1703	23.1345653
1704	23.1154708
1705	23.0675697
1706	23.0782375
1707	23.048582
1708	23.0203647
1709	22.9854145
1710	22.9780006
1711	22.9777603
1712	22.96949
1713	22.95652
1714	22.9844017
1715	23.0190181
1716	23.0489158
1717	23.1905555
1718	23.2664089
1719	23.3209457
1720	23.3557929
1721	23.3935966
1722	23.420021
1723	23.4151
1724	23.4209346
1725	23.4149627
1726	23.412405
1727	23.389738
1728	23.3950252
1729	23.3887596
1730	23.345148
1731	23.3161792
1732	23.2561359
1733	23.1844348
1734	23.1238174
1735	23.1418457
1736	23.1709251
1737	23.1895198
1738	23.1620006
1739	23.1339397
1740	23.1212596
1741	23.1034603
1742	23.0989665
1743	23.0812454
1744	23.0725326
1745	23.0706443
1746	23.0664119
1747	23.0402469
1748	23.0149593
1749	23.0115451
1750	23.0214729
1751	23.0258827
1752	23.042488
1753	23.0131359
1754	23.0060749
1755	22.9940071
1756	22.9793987
1757	22.9631729
1758	22.9551334
1759	22.9090442
1760	22.8855228
1761	22.8543605
1762	22.841711
1763	22.8277187
1764	22.828268
1765	22.828247
1766	22.8564414
1767	22.9311008
1768	22.9545936
1769	22.9822292
1770	22.9935131
1771	22.9727115
1772	22.9363422
1773	22.8974494
1774	22.8789672
1775	22.8412418
1776	22.8449287
1777	22.8730182
1778	22.8780746
1779	22.870634
1780	22.8908748
1781	22.9007091
1782	22.9513225
1783	22.9691734
1784	22.9791488
1785	22.9971714
1786	23.0124549
1787	23.0263366
1788	23.0496463
1789	23.0801467
1790	23.0749015
1791	23.0930023
1792	23.0894546
1793	23.0828208
1794	23.0649547
1795	23.0839347
1796	23.0751533
1797	23.0789737
1798	23.0650081
1799	23.0708408
1800	23.0790672
1801	23.0884265
1802	23.0784111
1803	23.1008377
1804	23.1159782
1805	23.1413822
1806	23.1435489
1807	23.1659412
1808	23.2156085
1809	23.2157821
1810	23.2195529
1811	23.2058048
1812	23.1862983
1813	23.1761741
1814	23.1561775
1815	23.158123
1816	23.1409721
1817	23.1529159
1818	23.1569976
1819	23.1482181
1820	23.1401233
1821	23.1548995
1822	23.1784191
1823	23.2177658
1824	23.2479324
1825	23.2486934
1826	23.2868595
1827	23.3134269
1828	23.3407192
1829	23.3672542
1830	23.3679103
1831	23.3892669
1832	23.38488
1833	23.3795871
1834	23.3735523
1835	23.3621482
1836	23.3010883
1837	23.2983093
1838	23.2903385
1839	23.2809829
1840	23.2835445
1841	23.2705135
1842	23.2632789
1843	23.2675075
1844	23.2605743
1845	23.2608432
1846	23.2692165
1847	23.3016147
1848	23.3356552
1849	23.3547401
1850	23.3668365
1851	23.3866386
1852	23.4140396
1853	23.417303
1854	23.4264068
1855	23.435297
1856	23.4357299
1857	23.4564647
1858	23.4767189
1859	23.4820938
1860	23.4991188
1861	23.4968719
1862	23.5025577
1863	23.5235004
1864	23.5441684
1865	23.5432128
1866	23.5551757
1867	23.5642566
1868	23.5660915
1869	23.5832862
1870	23.5866317
1871	23.5974903
1872	23.5958137
1873	23.5920581
1874	23.598957
1875	23.6069583
1876	23.6224784
1877	23.6081085
1878	23.5880794
1879	23.5642395
1880	23.5391826
1881	23.5259761
1882	23.5158615
1883	23.5127506
1884	23.5237865
1885	23.5362567
1886	23.5374622
1887	23.5558109
1888	23.5613384
1889	23.563692
1890	23.5729618
1891	23.5884361
1892	23.6066093
1893	23.5948543
1894	23.6000614
1895	23.6014347
1896	23.6042575
1897	23.5968647
1898	23.5751228
1899	23.5830059
1900	23.5963649
1901	23.5838375
1902	23.5946006
1903	23.6130065
1904	23.6264286
1905	23.6366024
1906	23.6159133
1907	23.5990276
1908	23.5941638
1909	23.583414
1910	23.5808734
1911	23.6129512
1912	23.6389179
1913	23.6771335
1914	23.7036132
1915	23.7068481
1916	23.7165565
1917	23.7205314
1918	23.7403831
1919	23.7050056
1920	23.5764331
1921	23.4773788
1922	23.4130382
1923	23.3857212
1924	23.3818702
1925	23.3589191
1926	23.3533401
1927	23.3791542
1928	23.3822994
1929	23.3656845
1930	23.3544883
1931	23.3515586
1932	23.3768711
1933	23.4031105
1934	23.4140491
1935	23.4331607
1936	23.4418449
1937	23.4595451
1938	23.4841957
1939	23.5053768
1940	23.5259685
1941	23.5537242
1942	23.5713691
1943	23.5766124
1944	23.5958538
1945	23.6162586
1946	23.5852012
1947	23.5653724
1948	23.555664
1949	23.5614967
1950	23.552164
1951	23.5635547
1952	23.5350761
1953	23.4978618
1954	23.4291648
1955	23.3959445
1956	23.4169559
1957	23.4789352
1958	23.5054836
1959	23.534275
1960	23.5601081
1961	23.5879745
1962	23.5934791
1963	23.6376037
1964	23.6399784
1965	23.6294116
1966	23.5965614
1967	23.5635433
1968	23.5389652
1969	23.4752235
1970	23.4407062
1971	23.4036655
1972	23.4049949
1973	23.4171676
1974	23.4357948
1975	23.4778118
1976	23.4978351
1977	23.5211391
1978	23.5535526
1979	23.5763511
1980	23.5498447
1981	23.4941234
1982	23.4743137
1983	23.466156
1984	23.4363193
1985	23.4188556
1986	23.4208869
1987	23.4143428
1988	23.3708705
1989	23.3386974
1990	23.3032665
1991	23.3081398
1992	23.3598327
1993	23.3542957
1994	23.3786144
1995	23.368534
1996	23.3369483
1997	23.2917709
1998	23.2731933
1999	23.286602
2000	23.2841262
2001	23.2516765
2002	23.233982
2003	23.2222442
2004	23.2052955
2005	23.1847877
2006	23.1823711
2007	23.1849975
2008	23.1670608
2009	23.1309452
2010	23.1322383
2011	23.1451892
2012	23.1533889
2013	23.1688098
2014	23.1679058
2015	23.1441822
2016	23.1750679
2017	23.1731395
2018	23.1393966
2019	23.1293735
2020	23.1312541
2021	23.1067085
2022	23.1102333
2023	23.127119
2024	23.1300659
2025	23.1323661
2026	23.1299457
2027	23.145586
2028	23.1858997
2029	23.2344512
2030	23.2588024
2031	23.3121452
2032	23.3242282
2033	23.3523788
2034	23.3166217
2035	23.2976131
2036	23.2427539
2037	23.2114753
2038	23.2076969
2039	23.2013149
2040	23.2095584
2041	23.2220954
2042	23.2196044
2043	23.219736
2044	23.2141685
2045	23.2163257
2046	23.18577
2047	23.1838607
2048	23.1899681
2049	23.2262496
2050	23.1967258
2051	23.1987552
2052	23.1754264
2053	23.209856
2054	23.200222
2055	23.1888961
2056	23.1818866
2057	23.1653995
2058	23.1925354
2059	23.2508831
2060	23.2211437
2061	23.2394866
2062	23.2306613
2063	23.2622299
2064	23.2940921
2065	23.2892971
2066	23.2881546
2067	23.2825794
2068	23.2897586
2069	23.3078861
2070	23.3176288
2071	23.3454303
2072	23.3606586
2073	23.3812694
2074	23.3935699
2075	23.3789024
2076	23.3545837
2077	23.3520469
2078	23.3678398
2079	23.3660812
2080	23.3537864
2081	23.3378849
2082	23.3170452
2083	23.3091735
2084	23.2801666
2085	23.2972698
2086	23.324932
2087	23.361906
2088	23.3714504
2089	23.3752231
2090	23.3828487
2091	23.3854866
2092	23.3805274
2093	23.3805122
2094	23.3677139
2095	23.361763
2096	23.3001327
2097	23.2829685
2098	23.2824344
2099	23.2595996
2100	23.2470378
2101	23.254055
2102	23.2328186
2103	23.2027645
2104	23.1741161
2105	23.1387348
2106	23.1030063
2107	23.0872955
2108	23.0682144
2109	23.0504856
2110	23.081871
2111	23.0941944
2112	23.0995559
2113	23.0790939
2114	23.0780773
2115	23.0924015
2116	23.0881328
2117	23.0983638
2118	23.075941
2119	23.0629177
2120	23.0616245
2121	23.0532283
2122	23.0572509
2123	23.0893402
2124	23.121519
2125	23.1411914
2126	23.1373538
2127	23.1423397
2128	23.1339435
2129	23.1228828
2130	23.1370296
2131	23.16296
2132	23.1749782
2133	23.1487026
2134	23.1334838
2135	23.1100521
2136	23.0941314
2137	23.0980758
2138	23.0845432
2139	23.1267585
2140	23.1388378
2141	23.1439113
2142	23.1535606
2143	23.1840305
2144	23.2032585
2145	23.2312984
2146	23.2258033
2147	23.2421588
2148	23.2395839
2149	23.2441711
2150	23.2510013
2151	23.2601165
2152	23.2763442
2153	23.3110046
2154	23.3268852
2155	23.3532085
2156	23.3683414
2157	23.3579978
2158	23.3543395
2159	23.3161144
2160	23.2747154
2161	23.2276096
2162	23.214075
2163	23.2011566
2164	23.1931457
2165	23.1694221
2166	23.2094993
2167	23.2328376
2168	23.2444343
2169	23.2315654
2170	23.1893005
2171	23.2107219
2172	23.2725982
2173	23.3014507
2174	23.3124179
2175	23.3239898
2176	23.3163852
2177	23.3254127
2178	23.3205909
2179	23.332302
2180	23.3467788
2181	23.3586959
2182	23.3824329
2183	23.3971233
2184	23.4254188
2185	23.4468746
2186	23.4568195
2187	23.459402
2188	23.4836425
2189	23.49053
2190	23.4967823
2191	23.5010585
2192	23.5136871
2193	23.5266437
2194	23.5190334
2195	23.5313549
2196	23.5144538
2197	23.4720726
2198	23.4377231
2199	23.4277362
2200	23.3885879
2201	23.3538303
2202	23.3331851
2203	23.3070716
2204	23.2864665
2205	23.2810554
2206	23.2873744
2207	23.2609977
2208	23.2551155
2209	23.2389736
2210	23.2400207
2211	23.217348
2212	23.2145786
2213	23.209444
2214	23.2061576
2215	23.2123031
2216	23.2127819
2217	23.2203617
2218	23.2339897
2219	23.2333374
2220	23.232521
2221	23.2333641
2222	23.2362136
2223	23.2487602
2224	23.257307
2225	23.2807579
2226	23.3127174
2227	23.3013896
2228	23.2902221
2229	23.2844944
2230	23.2557468
2231	23.2368316
2232	23.2300891
2233	23.1880493
2234	23.1889228
2235	23.171709
2236	23.1480121
2237	23.1184768
2238	23.1040058
2239	23.0875244
2240	23.1040248
2241	23.122652
2242	23.1264247
2243	23.1347026
2244	23.114542
2245	23.1140003
2246	23.1355571
2247	23.1200275
2248	23.1133403
2249	23.1261882
2250	23.1181735
2251	23.1146545
2252	23.1461257
2253	23.1644668
2254	23.1975879
2255	23.223093
2256	23.2499561
2257	23.2805538
2258	23.3216972
2259	23.3523559
2260	23.3948554
2261	23.4336719
2262	23.4535369
2263	23.4843845
2264	23.5042381
2265	23.5250015
2266	23.5632648
2267	23.5961093
2268	23.6345558
2269	23.6508903
2270	23.6572933
2271	23.6633644
2272	23.6195583
2273	23.5105762
2274	23.4663619
2275	23.4439563
2276	23.4051837
2277	23.3575801
2278	23.3218345
2279	23.3144035
2280	23.2876739
2281	23.2767105
2282	23.2619762
2283	23.2508735
2284	23.2489929
2285	23.2449111
2286	23.2599182
2287	23.2786445
2288	23.2897167
2289	23.2938232
2290	23.3211517
2291	23.3588008
2292	23.4082603
2293	23.4223308
2294	23.4237289
2295	23.4399166
2296	23.4612102
2297	23.5034141
2298	23.5425033
2299	23.5726242
2300	23.5916137
2301	23.5909461
2302	23.5595588
2303	23.5219612
2304	23.4715671
2305	23.4306411
2306	23.3943653
2307	23.3669891
2308	23.3334369
2309	23.3405723
2310	23.3553485
2311	23.3475227
2312	23.3634929
2313	23.3986225
2314	23.396017
2315	23.3561763
2316	23.3543567
2317	23.3690128
2318	23.4204311
2319	23.4790649
2320	23.5088977
2321	23.550064
2322	23.5342502
2323	23.4919605
2324	23.4657974
2325	23.4782352
2326	23.4469566
2327	23.3978309
2328	23.3638267
2329	23.3198146
2330	23.298933
2331	23.2875213
2332	23.3000392
2333	23.2990016
2334	23.313755
2335	23.3365688
2336	23.3784179
2337	23.3941593
2338	23.4205493
2339	23.4453945
2340	23.4515056
2341	23.4558563
2342	23.4432449
2343	23.4431076
2344	23.430891
2345	23.4044837
2346	23.391035
2347	23.3717327
2348	23.3738307
2349	23.3462848
2350	23.3339023
2351	23.3457736
2352	23.3672103
2353	23.3568191
2354	23.3293399
2355	23.32374
2356	23.3141231
2357	23.3206462
2358	23.3085536
2359	23.2662162
2360	23.2422389
2361	23.1845722
2362	23.1732006
2363	23.1866703
2364	23.2265949
2365	23.2404556
2366	23.2517642
2367	23.2773628
2368	23.2513694
2369	23.1912269
2370	23.1743125
2371	23.177145
2372	23.1875133
2373	23.1243438
2374	23.085762
2375	23.0991706
2376	23.1395034
2377	23.1217384
2378	23.1010265
2379	23.0791873
2380	23.0499839
2381	23.046379
2382	23.0374755
2383	23.036333
2384	23.0391559
2385	23.0633373
2386	23.0704822
2387	23.0495204
2388	23.0180358
2389	23.0220756
2390	23.031969
2391	23.0238246
2392	23.0322532
2393	23.0442771
2394	23.0616226
2395	23.0812816
2396	23.081356
2397	23.0810317
2398	23.0626277
2399	23.0872936
2400	23.0642375
2401	23.0590057
2402	23.0753192
2403	23.0782012
2404	23.0945148
2405	23.1200885
2406	23.1199722
2407	23.0957241
2408	23.0761051
2409	23.0589714
2410	23.0635032
2411	23.062046
2412	23.0530967
2413	23.066019
2414	23.0820312
2415	23.1145496
2416	23.1573486
2417	23.1946277
2418	23.2248859
2419	23.2348403
2420	23.2499847
2421	23.2463111
2422	23.2533226
2423	23.2816085
2424	23.2888793
2425	23.2545013
2426	23.2109184
2427	23.1933383
2428	23.1791095
2429	23.2155914
2430	23.2392253
2431	23.2297897
2432	23.1855468
2433	23.1759853
2434	23.175703
2435	23.167797
2436	23.1564693
2437	23.156372
2438	23.1242752
2439	23.0966987
2440	23.0788516
2441	23.0590839
2442	23.0357151
2443	23.0307445
2444	23.0370121
2445	23.0302791
2446	23.016941
2447	23.0220184
2448	23.059719
2449	23.0980434
2450	23.1265869
2451	23.1223812
2452	23.1362762
2453	23.1436138
2454	23.1586265
2455	23.1393089
2456	23.0994548
2457	23.0874557
2458	23.0487041
2459	23.0199012
2460	22.9968013
2461	23.0155258
2462	23.02775
2463	23.0385074
2464	23.0514278
2465	23.0620365
2466	23.0875377
2467	23.0948429
2468	23.1041336
2469	23.115097
2470	23.1321907
2471	23.1349315
2472	23.1456642
2473	23.1630496
2474	23.1440277
2475	23.0697116
2476	23.0087089
2477	22.9773521
2478	22.9753341
2479	22.9706268
2480	22.9398689
2481	22.9259376
2482	22.9166812
2483	22.9102725
2484	22.9142169
2485	22.9375
2486	22.9238662
2487	22.8987064
2488	22.9138088
2489	22.9414768
2490	22.9377975
2491	22.913414
2492	22.9037017
2493	22.9158515
2494	22.9492912
2495	22.9825839
2496	22.9559383
2497	22.9477615
2498	22.9729843
2499	22.9837932
2500	23.0078144
2501	22.9820251
2502	22.9530944
2503	22.9346523
2504	22.8940219
2505	22.8770885
2506	22.8526191
2507	22.8481502
2508	22.8155078
2509	22.8274917
2510	22.8487739
2511	22.8938198
2512	22.9025001
2513	22.9034767
2514	22.8987751
2515	22.8929042
2516	22.8745517
2517	22.8845138
2518	22.8834247
2519	22.8895492
2520	22.9218654
2521	22.9318561
2522	22.951229
2523	22.9601478
2524	22.9596824
2525	22.9777297
2526	23.0020885
2527	23.0155735
2528	23.0291194
2529	23.059103
2530	23.0668201
2531	23.063261
2532	23.0845928
2533	23.0956134
2534	23.1222534
2535	23.1285839
2536	23.1124324
2537	23.1123313
2538	23.1212863
2539	23.1231651
2540	23.1768226
2541	23.2059688
2542	23.200035
2543	23.2035827
2544	23.1911659
2545	23.1997699
2546	23.1792774
2547	23.1743545
2548	23.1377277
2549	23.1176261
2550	23.1133232
2551	23.1844654
2552	23.2215728
2553	23.2509002
2554	23.3193664
2555	23.2504348
2556	23.2082157
2557	23.1887054
2558	23.1980915
2559	23.2098484
2560	23.2240753
2561	23.2274417
2562	23.2354068
2563	23.2287368
2564	23.2300262
2565	23.2370452
2566	23.20998
2567	23.2206115
2568	23.2283344
2569	23.2647933
2570	23.2697639
2571	23.2684707
2572	23.268608
2573	23.3260917
2574	23.3356456
2575	23.3740825
2576	23.3908615
2577	23.4110946
2578	23.4145164
2579	23.4206085
2580	23.4499626
2581	23.4600677
2582	23.4627971
2583	23.4754447
2584	23.483797
2585	23.4929409
2586	23.484333
2587	23.4651794
2588	23.4474773
2589	23.4402465
2590	23.4321861
2591	23.4086837
2592	23.3735027
2593	23.3252792
2594	23.29916
2595	23.2673797
2596	23.2714405
2597	23.263132
2598	23.2490329
2599	23.2566528
2600	23.2636528
2601	23.2477874
2602	23.2314052
2603	23.2006969
2604	23.190628
2605	23.1766605
2606	23.1824207
2607	23.181755
2608	23.1559429
2609	23.1597404
2610	23.1568984
2611	23.1456699
2612	23.1413307
2613	23.1260643
2614	23.1136531
2615	23.0721721
2616	23.0469379
2617	23.0400199
2618	23.0370483
2619	23.0443229
2620	23.0610122
2621	23.0621414
2622	23.0553684
2623	23.0553607
2624	23.0649776
2625	23.0498199
2626	23.0377979
2627	23.0417537
2628	23.0219631
2629	22.9962711
2630	22.9849281
2631	22.9741382
2632	22.9653644
2633	22.9820384
2634	22.9760799
2635	22.9678821
2636	22.9536228
2637	22.9663066
2638	23.1178379
2639	23.2046527
2640	23.2584209
2641	23.2828559
2642	23.2815151
2643	23.2875728
2644	23.2755775
2645	23.2784042
2646	23.2897186
2647	23.2912597
2648	23.3031234
2649	23.319458
2650	23.3430576
2651	23.3600692
2652	23.3740844
2653	23.3827724
2654	23.376583
2655	23.38068
2656	23.3684711
2657	23.3787384
2658	23.3845729
2659	23.359148
2660	23.3022651
2661	23.2882614
2662	23.3035125
2663	23.3012199
2664	23.2828598
2665	23.2849769
2666	23.262268
2667	23.2636375
2668	23.2218894
2669	23.2192211
2670	23.1611557
2671	23.1402416
2672	23.1126804
2673	23.1113853
2674	23.0975208
2675	23.1303138
2676	23.1800956
2677	23.1850986
2678	23.1991443
2679	23.200407
2680	23.2025146
2681	23.2416267
2682	23.2785682
2683	23.2773857
2684	23.3559226
2685	23.3741111
2686	23.3912887
2687	23.3850116
2688	23.3853912
2689	23.3564796
2690	23.3281612
2691	23.2964725
2692	23.2380657
2693	23.1933822
2694	23.1740894
2695	23.1897983
2696	23.2157821
2697	23.2349395
2698	23.2622489
2699	23.2782783
2700	23.2974948
2701	23.3075542
2702	23.3328208
2703	23.3582134
2704	23.3817672
2705	23.4024772
2706	23.4413909
2707	23.4663772
2708	23.4886074
2709	23.5215911
2710	23.549118
2711	23.5528182
2712	23.5590839
2713	23.5402679
2714	23.5335216
2715	23.53689
2716	23.5317134
2717	23.5189609
2718	23.4932556
2719	23.5112915
2720	23.5241012
2721	23.5235557
2722	23.4976215
2723	23.4608345
2724	23.440319
2725	23.4382305
2726	23.4057331
2727	23.3994541
2728	23.3627471
2729	23.404705
2730	23.4754962
2731	23.5368747
2732	23.5873394
2733	23.599987
2734	23.5809078
2735	23.5779609
2736	23.5570945
2737	23.5686187
2738	23.5447998
2739	23.5631027
2740	23.5923652
2741	23.6030006
2742	23.6224918
2743	23.6230945
2744	23.6066017
2745	23.5648498
2746	23.576786
2747	23.6037445
2748	23.6049385
2749	23.6089115
2750	23.6161785
2751	23.6338634
2752	23.6447162
2753	23.6534347
2754	23.6773414
2755	23.6904144
2756	23.6750259
2757	23.6487846
2758	23.6330242
2759	23.6154785
2760	23.5963344
2761	23.5856685
2762	23.5622901
2763	23.5501422
2764	23.541399
2765	23.5343971
2766	23.5228595
2767	23.4824924
2768	23.4475116
2769	23.428976
2770	23.4260425
2771	23.4249916
2772	23.4306125
2773	23.4348144
2774	23.420166
2775	23.4003028
2776	23.385641
2777	23.3755855
2778	23.3638439
2779	23.365612
2780	23.3632316
2781	23.3685836
2782	23.3690891
2783	23.3753013
2784	23.3855228
2785	23.457302
2786	23.492649
2787	23.5348014
2788	23.5510921
2789	23.5620117
2790	23.5801944
2791	23.5970916
2792	23.6280746
2793	23.6146068
2794	23.5929241
2795	23.5557422
2796	23.5265789
2797	23.4886989
2798	23.4606609
2799	23.4484043
2800	23.4424438
2801	23.4175128
2802	23.388626
2803	23.3635158
2804	23.3488826
2805	23.3135776
2806	23.3015098
2807	23.2987842
2808	23.3003826
2809	23.299755
2810	23.3364715
2811	23.393301
2812	23.4291648
2813	23.5060272
2814	23.5271282
2815	23.5754623
2816	23.610321
2817	23.5992984
2818	23.5822906
2819	23.5698184
2820	23.6159172
2821	23.6252822
2822	23.6281986
2823	23.6152286
2824	23.6513729
2825	23.6770248
2826	23.6371841
2827	23.6137485
2828	23.5590057
2829	23.506567
2830	23.4855766
2831	23.4770298
2832	23.4663829
2833	23.4587001
2834	23.4267768
2835	23.4275207
2836	23.4755821
2837	23.469263
2838	23.446825
2839	23.4487781
2840	23.4390048
2841	23.3715438
2842	23.3471298
2843	23.3743515
2844	23.3831977
2845	23.3568344
2846	23.3558464
2847	23.3405437
2848	23.2887573
2849	23.2744598
2850	23.2785491
2851	23.2710704
2852	23.269371
2853	23.2723979
2854	23.265892
2855	23.2061557
2856	23.1391944
2857	23.106182
2858	23.065277
2859	23.0388088
2860	23.0513973
2861	23.090435
2862	23.0998783
2863	23.0942955
2864	23.1094932
2865	23.133646
2866	23.1332263
2867	23.1225185
2868	23.1357765
2869	23.149477
2870	23.155096
2871	23.1627674
2872	23.1780147
2873	23.1641635
2874	23.1493301
2875	23.1316204
2876	23.1104526
2877	23.1021995
2878	23.1226673
2879	23.1365108
2880	23.1376934
2881	23.13624
2882	23.1424369
2883	23.114191
2884	23.0909042
2885	23.0857849
2886	23.0947551
2887	23.103363
2888	23.0967712
2889	23.0791378
2890	23.0736236
2891	23.0681228
2892	23.067089
2893	23.0296211
2894	23.0368576
2895	23.080307
2896	23.0971755
2897	23.1185798
2898	23.1257591
2899	23.0914192
2900	23.0571651
2901	23.0937824
2902	23.0891208
2903	23.1089553
2904	23.1221351
2905	23.1219005
2906	23.0878753
2907	23.0531597
2908	23.0410289
2909	23.0457592
2910	23.0314235
2911	23.0344276
2912	23.049055
2913	23.0885238
2914	23.1036624
2915	23.1546936
2916	23.2131061
2917	23.2312183
2918	23.2532768
2919	23.2654933
2920	23.278078
2921	23.2568607
2922	23.2454929
2923	23.2374858
2924	23.2341442
2925	23.2335567
2926	23.2395534
2927	23.2667026
2928	23.2819004
2929	23.2801456
2930	23.2793674
2931	23.2747631
2932	23.256134
2933	23.2431049
2934	23.2144584
2935	23.2089042
2936	23.2195816
2937	23.2247447
2938	23.2196292
2939	23.2066535
2940	23.2023258
2941	23.185522
2942	23.1804466
2943	23.1607513
2944	23.1794338
2945	23.1830959
2946	23.1931724
2947	23.196104
2948	23.1918506
2949	23.1946773
2950	23.2141456
2951	23.2184085
2952	23.2224369
2953	23.2332572
2954	23.220457
2955	23.2250041
2956	23.2037601
2957	23.1831798
2958	23.1970977
2959	23.2185554
2960	23.2415256
2961	23.2530632
2962	23.2640247
2963	23.2601776
2964	23.2529048
2965	23.286436
2966	23.3034839
2967	23.3089733
2968	23.3256301
2969	23.336647
2970	23.3516197
2971	23.3403453
2972	23.3257007
2973	23.30694
2974	23.3155307
2975	23.3292713
2976	23.3492488
2977	23.3615837
2978	23.3638706
2979	23.3637332
2980	23.3708705
2981	23.3734645
2982	23.3771362
2983	23.368473
2984	23.3618488
2985	23.349472
2986	23.3447418
2987	23.3398914
2988	23.3071956
2989	23.2948322
2990	23.2645053
2991	23.251955
2992	23.2455425
2993	23.2370128
2994	23.233942
2995	23.2304992
2996	23.2387104
2997	23.2475166
2998	23.26054
2999	23.2768554
3000	23.2881202
3001	23.2920265
3002	23.3111248
3003	23.3340778
3004	23.3559837
3005	23.3669528
3006	23.3738403
3007	23.3636951
3008	23.3535041
3009	23.3412017
3010	23.3472442
3011	23.4035511
3012	23.4577922
3013	23.4826202
3014	23.441679
3015	23.3799285
3016	23.3414916
3017	23.3081474
3018	23.2966518
3019	23.2928485
3020	23.2823734
3021	23.2875671
3022	23.2774848
3023	23.2694187
3024	23.2707977
3025	23.261631
3026	23.2307262
3027	23.1905746
3028	23.1899261
3029	23.1831836
3030	23.1876258
3031	23.181755
3032	23.1798057
3033	23.176321
3034	23.2092494
3035	23.2430114
3036	23.2569103
3037	23.2454986
3038	23.2201366
3039	23.2023029
3040	23.20998
3041	23.1846008
3042	23.1391487
3043	23.1528167
3044	23.1613426
3045	23.1747932
3046	23.1942577
3047	23.1954612
3048	23.1854114
3049	23.1571712
3050	23.1511688
3051	23.1450881
3052	23.171606
3053	23.2145671
3054	23.2315692
3055	23.2427082
3056	23.2453746
3057	23.236906
3058	23.2202873
3059	23.2142944
3060	23.2276821
3061	23.2639408
3062	23.2573909
3063	23.2638797
3064	23.2700214
3065	23.254446
3066	23.2305297
3067	23.2214736
3068	23.2217903
3069	23.2272682
3070	23.2350997
3071	23.2514095
3072	23.2437324
3073	23.2354373
3074	23.2307262
3075	23.2298336
3076	23.220478
3077	23.2322158
3078	23.2265186
3079	23.216732
3080	23.2114963
3081	23.219244
3082	23.2232151
3083	23.2267589
3084	23.2301483
3085	23.2478199
3086	23.2601966
3087	23.2577133
3088	23.2657794
3089	23.2707672
3090	23.2695579
3091	23.2743053
3092	23.284645
3093	23.2857131
3094	23.2950267
3095	23.2873916
3096	23.2886466
3097	23.2950592
3098	23.2674312
3099	23.2620372
3100	23.2676429
3101	23.2694664
3102	23.2863216
3103	23.2940368
3104	23.3032817
3105	23.3078784
3106	23.3245391
3107	23.2912044
3108	23.2775402
3109	23.2741222
3110	23.2858982
3111	23.290924
3112	23.3119068
3113	23.3354911
3114	23.3465957
3115	23.3607311
3116	23.39225
3117	23.3697414
3118	23.3770751
3119	23.3846054
3120	23.4122238
3121	23.4415149
3122	23.4710521
3123	23.4864463
3124	23.5021686
3125	23.5038433
3126	23.5155887
3127	23.5112819
3128	23.5131397
3129	23.5185623
3130	23.5010986
3131	23.5059547
3132	23.5107746
3133	23.490036
3134	23.4740657
3135	23.4218902
3136	23.3904457
3137	23.3693656
3138	23.3535728
3139	23.3353519
3140	23.3139514
3141	23.3006172
3142	23.2800235
3143	23.2686481
3144	23.2712345
3145	23.2882575
3146	23.2958583
3147	23.3012828
3148	23.3007202
3149	23.2790012
3150	23.2671813
3151	23.2414512
3152	23.2198333
3153	23.2230358
3154	23.2212677
3155	23.2347011
3156	23.2437438
3157	23.2448291
3158	23.2680149
3159	23.2634315
3160	23.2703742
3161	23.268898
3162	23.2742214
3163	23.2568969
3164	23.2204074
3165	23.1960659
3166	23.1731605
3167	23.1729125
3168	23.1904296
3169	23.2248897
3170	23.2515792
3171	23.2815132
3172	23.3208732
3173	23.3456192
3174	23.3785362
3175	23.3956089
3176	23.4250602
3177	23.4468669
3178	23.4678363
3179	23.4974346
3180	23.515026
3181	23.5253582
3182	23.5435771
3183	23.5406837
3184	23.5429935
3185	23.5191593
3186	23.4871025
3187	23.4728813
3188	23.3854179
3189	23.3811912
3190	23.3951358
3191	23.3882102
3192	23.3593502
3193	23.3262424
3194	23.3044033
3195	23.2882709
3196	23.2671756
3197	23.2484283
3198	23.2444114
3199	23.2423133
3200	23.2455883
3201	23.2463893
3202	23.2417888
3203	23.2383975
3204	23.2205047
3205	23.2158584
3206	23.221527
3207	23.236639
3208	23.2175483
3209	23.1958923
3210	23.2078819
3211	23.2137546
3212	23.2096881
3213	23.1989421
3214	23.1826934
3215	23.1673717
3216	23.1415596
3217	23.1393013
3218	23.1333713
3219	23.1287918
3220	23.1289539
3221	23.1182518
3222	23.1227474
3223	23.1210937
3224	23.0954818
3225	23.0758914
3226	23.0429458
3227	23.0502643
3228	23.0591468
3229	23.0317783
3230	23.0123386
3231	23.0199584
3232	23.0192279
3233	23.0094699
3234	22.9954643
3235	22.9980392
3236	22.9870223
3237	23.0069847
3238	23.0267581
3239	23.0277328
3240	23.0245037
3241	23.042221
3242	23.0551528
3243	23.0881633
3244	23.1087722
3245	23.1185417
3246	23.1311626
3247	23.1435699
3248	23.1648654
3249	23.1779079
3250	23.1920795
3251	23.2073688
3252	23.2255363
3253	23.2443065
3254	23.2749462
3255	23.2985687
3256	23.2905139
3257	23.2735824
3258	23.2846469
3259	23.2794437
3260	23.2711925
3261	23.2847042
3262	23.3015804
3263	23.3125
3264	23.3331928
3265	23.3476753
3266	23.3436069
3267	23.3664321
3268	23.338787
3269	23.3456611
3270	23.36277
3271	23.3830337
3272	23.3814411
3273	23.3440532
3274	23.338438
3275	23.3237819
3276	23.3051719
3277	23.2632904
3278	23.2385253
3279	23.240633
3280	23.2230491
3281	23.1744022
3282	23.146162
3283	23.1587276
3284	23.1317806
3285	23.1148147
3286	23.1102848
3287	23.1258659
3288	23.1443996
3289	23.1703338
3290	23.1769695
3291	23.2032451
3292	23.2292156
3293	23.1987514
3294	23.1754379
3295	23.1370277
3296	23.1159439
3297	23.1347904
3298	23.1327705
3299	23.1289844
3300	23.1144275
3301	23.1362571
3302	23.182167
3303	23.1682682
3304	23.1610164
3305	23.1728534
3306	23.1521072
3307	23.1658687
3308	23.1666336
3309	23.1818733
3310	23.1957454
3311	23.2409534
3312	23.2644424
3313	23.2630214
3314	23.2299041
3315	23.1750621
3316	23.1389274
3317	23.1386928
3318	23.1436882
3319	23.1435356
3320	23.1849632
3321	23.2081832
3322	23.2346668
3323	23.2642021
3324	23.2901039
3325	23.3251552
3326	23.3512248
3327	23.3716411
3328	23.4035377
3329	23.4132022
3330	23.4274749
3331	23.4277305
3332	23.4222583
3333	23.4009265
3334	23.3991756
3335	23.4055862
3336	23.4089889
3337	23.4089279
3338	23.3958377
3339	23.3923645
3340	23.3902587
3341	23.3889236
3342	23.3582553
3343	23.2932872
3344	23.2332401
3345	23.2217102
3346	23.2056655
3347	23.1997165
3348	23.2057533
3349	23.2081069
3350	23.2113685
3351	23.2055473
3352	23.1873703
3353	23.208559
3354	23.2230377
3355	23.2231845
3356	23.2486724
3357	23.275465
3358	23.3058338
3359	23.3146953
3360	23.3269672
3361	23.35466
3362	23.3586368
3363	23.3659915
3364	23.3646392
3365	23.3532466
3366	23.3618946
3367	23.3669853
3368	23.3683052
3369	23.3685245
3370	23.3707389
3371	23.3781166
3372	23.3881034
3373	23.3976001
3374	23.3892669
3375	23.3777637
3376	23.3727283
3377	23.3522891
3378	23.3131809
3379	23.2808189
3380	23.2693557
3381	23.2585773
3382	23.2663803
3383	23.2551326
3384	23.2776031
3385	23.3048515
3386	23.3171863
3387	23.3197307
3388	23.3122615
3389	23.322134
3390	23.3377552
3391	23.3373413
3392	23.3316974
3393	23.3335399
3394	23.3313961
3395	23.3191699
3396	23.308319
3397	23.3060607
3398	23.3136386
3399	23.336977
3400	23.3611125
3401	23.37047
3402	23.3740234
3403	23.3837184
3404	23.3745365
3405	23.3401451
3406	23.3533515
3407	23.378273
3408	23.3019065
3409	23.2461166
3410	23.1839828
3411	23.1424388
3412	23.1078968
3413	23.0867481
3414	23.0927009
3415	23.0911655
3416	23.073534
3417	23.0804615
3418	23.0807609
3419	23.095684
3420	23.1252555
3421	23.1779479
3422	23.2068233
3423	23.2069435
3424	23.1894149
3425	23.1615161
3426	23.1492729
3427	23.1438446
3428	23.116764
3429	23.1180133
3430	23.0990352
3431	23.0676651
3432	23.0560665
3433	23.062025
3434	23.0689735
3435	23.051651
3436	23.0278816
3437	23.0263786
3438	23.0516109
3439	23.0876159
3440	23.1273117
3441	23.1544742
3442	23.1966018
3443	23.2099456
3444	23.2305469
3445	23.2534923
3446	23.2657794
3447	23.2686805
3448	23.2695579
3449	23.2762603
3450	23.2893123
3451	23.300806
3452	23.3127002
3453	23.3277091
3454	23.3331165
3455	23.3457298
3456	23.3630523
3457	23.3573513
3458	23.3207168
3459	23.2975082
3460	23.2788333
3461	23.2863178
3462	23.3005599
3463	23.2981452
3464	23.311201
3465	23.3295021
3466	23.3076591
3467	23.2796401
3468	23.2455615
3469	23.2021465
3470	23.1526393
3471	23.1365261
3472	23.1162376
3473	23.1523494
3474	23.1519641
3475	23.0997219
3476	23.099142
3477	23.0955924
3478	23.1045017
3479	23.1113986
3480	23.0997142
3481	23.0979175
3482	23.1102867
3483	23.1215972
3484	23.1481266
3485	23.1523532
3486	23.1796512
3487	23.2008571
3488	23.2110195
3489	23.2162017
3490	23.2389831
3491	23.2634639
3492	23.2949218
3493	23.2523632
3494	23.2356452
3495	23.2565097
3496	23.2850322
3497	23.3166427
3498	23.2994251
3499	23.2855796
3500	23.2786674
3501	23.297966
3502	23.306467
3503	23.3256301
3504	23.3232383
3505	23.3398075
3506	23.330614
3507	23.319765
3508	23.3068695
3509	23.278202
3510	23.2664432
3511	23.2416324
3512	23.2019901
3513	23.180355
3514	23.1617889
3515	23.1579227
3516	23.1538257
3517	23.126379
3518	23.1012115
3519	23.040945
3520	23.0067481
3521	22.9931087
3522	22.9419956
3523	22.9421215
3524	22.9321594
3525	22.8996047
3526	22.8779582
3527	22.8681163
3528	22.9085388
3529	22.9253063
3530	22.9522895
3531	22.9341926
3532	22.8753509
3533	22.8499488
3534	22.8554935
3535	22.8821372
3536	22.9045734
3537	22.9185085
3538	22.9646034
3539	23.0188064
3540	23.0501899
3541	23.086193
3542	23.0873641
3543	23.1267814
3544	23.1316509
3545	23.1463222
3546	23.1352748
3547	23.1466121
3548	23.1323852
3549	23.1043205
3550	23.0716667
3551	23.0340576
3552	22.9906864
3553	22.9730377
3554	23.0170288
3555	23.0272655
3556	22.9684638
3557	22.935791
3558	22.9270858
3559	22.8975563
3560	22.8350486
3561	22.7751312
3562	22.8130779
3563	22.8379402
3564	22.8488941
3565	22.8394069
3566	22.8347988
3567	22.8136539
3568	22.776266
3569	22.7437152
3570	22.7498836
3571	22.7493705
3572	22.7490348
3573	22.7555732
3574	22.7357978
3575	22.7367782
3576	22.724596
3577	22.7043094
3578	22.7289752
3579	22.7657833
3580	22.786417
3581	22.7773323
3582	22.7859344
3583	22.7828235
3584	22.7688179
3585	22.7801933
3586	22.7776565
3587	22.8006992
3588	22.8280639
3589	22.84305
3590	22.8572463
3591	22.8731307
3592	22.8875255
3593	22.9156856
3594	22.9156455
3595	22.8825607
3596	22.7910156
3597	22.7527179
3598	22.7096939
3599	22.7211952
3600	22.7856559
3601	22.7532463
3602	22.7333641
3603	22.7914619
3604	22.8207492
3605	22.8250484
3606	22.8049697
3607	22.7769069
3608	22.7857589
3609	22.7651939
3610	22.7789039
3611	22.795721
3612	22.7898178
3613	22.8016872
3614	22.8092193
3615	22.841011
3616	22.8216857
3617	22.7964496
3618	22.7798175
3619	22.7635326
3620	22.7530517
3621	22.7587165
3622	22.7855167
3623	22.7760028
3624	22.7292652
3625	22.7217807
3626	22.7008228
3627	22.7379608
3628	22.7328681
3629	22.7127227
3630	22.7383384
3631	22.7840518
3632	22.7749786
3633	22.7786083
3634	22.7447624
3635	22.7565612
3636	22.7642745
3637	22.785221
3638	22.8023128
3639	22.8160037
3640	22.8220024
3641	22.8196716
3642	22.8271236
3643	22.8402118
3644	22.8889007
3645	22.9140014
3646	22.9166545
3647	22.8856315
3648	22.8481273
3649	22.8867568
3650	22.9186019
3651	22.8711738
3652	22.8847084
3653	22.9195232
3654	22.9446182
3655	22.9682273
3656	22.9364376
3657	22.8333072
3658	22.797491
3659	22.7548675
3660	22.7535629
3661	22.7608013
3662	22.7932682
3663	22.8427925
3664	22.869131
3665	22.8552265
3666	22.8750476
3667	22.8844203
3668	22.8600502
3669	22.8619384
3670	22.806097
3671	22.7388076
3672	22.7170906
3673	22.7064876
3674	22.6696624
3675	22.6792869
3676	22.663702
3677	22.6748867
3678	22.6941661
3679	22.6983585
3680	22.6994037
3681	22.6722469
3682	22.6710987
3683	22.7118206
3684	22.7182846
3685	22.6930294
3686	22.6697883
3687	22.650423
3688	22.6494693
3689	22.6721343
3690	22.7100524
3691	22.6758899
3692	22.6914291
3693	22.7613716
3694	22.7948436
3695	22.8046035
3696	22.7900409
3697	22.7712707
3698	22.8100147
3699	22.7720031
3700	22.7716083
3701	22.757492
3702	22.7384052
3703	22.7504863
3704	22.7439975
3705	22.7385826
3706	22.7230892
3707	22.7673683
3708	22.8144378
3709	22.7608489
3710	22.7601242
3711	22.776062
3712	22.7952575
3713	22.8276252
3714	22.8033237
3715	22.7612285
3716	22.7224254
3717	22.71772
3718	22.7943954
3719	22.7885513
3720	22.7919979
3721	22.7966938
3722	22.7866668
3723	22.8064575
3724	22.8228149
3725	22.8276119
3726	22.819498
3727	22.7968387
3728	22.8227977
3729	22.8135814
3730	22.808567
3731	22.7409648
3732	22.7327804
3733	22.7024784
3734	22.6912212
3735	22.6991863
3736	22.7014369
3737	22.6886596
3738	22.6612796
3739	22.6337909
3740	22.6255779
3741	22.6257381
3742	22.6464805
3743	22.6862316
3744	22.7047977
3745	22.7273426
3746	22.729845
3747	22.765644
3748	22.7846584
3749	22.7867126
3750	22.7436313
3751	22.6637077
3752	22.6453132
3753	22.6716976
3754	22.6718959
3755	22.6216011
3756	22.6154289
3757	22.6352119
3758	22.6218566
3759	22.6209602
3760	22.6151905
3761	22.6170825
3762	22.613039
3763	22.6167812
3764	22.6372871
3765	22.6832084
3766	22.713747
3767	22.7405071
3768	22.6970958
3769	22.6764125
3770	22.6323242
3771	22.5992832
3772	22.5853767
3773	22.5908794
3774	22.5819549
3775	22.5745353
3776	22.5802688
3777	22.5667285
3778	22.5702095
3779	22.6110763
3780	22.630268
3781	22.6522121
3782	22.6356849
3783	22.6543598
3784	22.6550979
3785	22.6230201
3786	22.6230621
3787	22.6141853
3788	22.6072998
3789	22.6405544
3790	22.7041759
3791	22.68791
3792	22.6906661
3793	22.6467304
3794	22.6344623
3795	22.6613426
3796	22.6873817
3797	22.6800498
3798	22.6862316
3799	22.6991081
3800	22.7033405
3801	22.7086238
3802	22.6967639
3803	22.6862373
3804	22.6853828
3805	22.6954536
3806	22.6678848
3807	22.6577243
3808	22.6541385
3809	22.6766433
3810	22.6851787
3811	22.6708431
3812	22.6762619
3813	22.6606349
3814	22.6859874
3815	22.6897869
3816	22.6646442
3817	22.6846275
3818	22.6718654
3819	22.6714973
3820	22.7097377
3821	22.7787876
3822	22.7605857
3823	22.7463798
3824	22.7254829
3825	22.7048187
3826	22.6856441
3827	22.7084426
3828	22.7160224
3829	22.6991462
3830	22.7151603
3831	22.7076282
3832	22.6931285
3833	22.7112197
3834	22.7469921
3835	22.7869548
3836	22.8038825
3837	22.784933
3838	22.7574729
3839	22.7628536
3840	22.7734775
3841	22.7920703
3842	22.8226375
3843	22.7987289
3844	22.7869205
3845	22.7695617
3846	22.8180313
3847	22.8344879
3848	22.8664665
3849	22.9278278
3850	22.9590167
3851	22.9532604
3852	22.9726867
3853	22.9461898
3854	22.9258136
3855	22.8992462
3856	22.8534355
3857	22.7834434
3858	22.7264022
3859	22.6858596
3860	22.67313
3861	22.6697082
3862	22.6797657
3863	22.7147502
3864	22.7286472
3865	22.7296581
3866	22.7310009
3867	22.7068023
3868	22.7019004
3869	22.7488498
3870	22.7394275
3871	22.738058
3872	22.7351818
3873	22.7784767
3874	22.7980384
3875	22.8037185
3876	22.8197822
3877	22.8263549
3878	22.8728561
3879	22.9337368
3880	22.9507293
3881	22.8674793
3882	22.8389854
3883	22.7971954
3884	22.7905998
3885	22.7707347
3886	22.7770156
3887	22.7897109
3888	22.7896289
3889	22.7586498
3890	22.7066555
3891	22.7041645
3892	22.6840057
3893	22.6609725
3894	22.6496124
3895	22.6299362
3896	22.637062
3897	22.6709079
3898	22.6513404
3899	22.6393871
3900	22.6226806
3901	22.6238136
3902	22.634674
3903	22.6468906
3904	22.6746788
3905	22.688467
3906	22.7044677
3907	22.7216682
3908	22.7596263
3909	22.7905864
3910	22.7469711
3911	22.6941623
3912	22.6509532
3913	22.6617565
3914	22.6633186
3915	22.6846084
3916	22.7183017
3917	22.761198
3918	22.7492752
3919	22.7974987
3920	22.7604122
3921	22.8272075
3922	22.8818588
3923	22.9190845
3924	22.9436817
3925	22.967205
3926	22.9858436
3927	22.9818725
3928	22.987339
3929	22.9926567
3930	23.0106887
3931	23.0192184
3932	22.9987564
3933	22.9520339
3934	22.9257354
3935	22.8759212
3936	22.8652381
3937	22.8753738
3938	22.8746318
3939	22.8735713
3940	22.8567409
3941	22.8487892
3942	22.8582744
3943	22.8073787
3944	22.7821197
3945	22.7637786
3946	22.7818336
3947	22.8359279
3948	22.8739528
3949	22.8645668
3950	22.8725299
3951	22.9044017
3952	22.9166755
3953	22.8617343
3954	22.8276233
3955	22.8086204
3956	22.7688255
3957	22.7328376
3958	22.718275
3959	22.7051696
3960	22.7077121
3961	22.7085685
3962	22.723648
3963	22.7369937
3964	22.7370624
3965	22.7225914
3966	22.7420883
3967	22.7554244
3968	22.7401714
3969	22.7159194
3970	22.7405147
3971	22.7819614
3972	22.8110027
3973	22.796482
3974	22.746685
3975	22.7070579
3976	22.68194
3977	22.6627197
3978	22.666439
3979	22.6576919
3980	22.6724205
3981	22.7219638
3982	22.7528228
3983	22.7800712
3984	22.7910156
3985	22.7965202
3986	22.7926273
3987	22.7300243
3988	22.6969528
3989	22.6777267
3990	22.6908435
3991	22.694416
3992	22.6988468
3993	22.6271648
3994	22.5980167
3995	22.5719089
3996	22.5736694
3997	22.5590152
3998	22.5596599
3999	22.5721626
4000	22.5876541
4001	22.6202392
4002	22.6344032
4003	22.6652908
4004	22.7138099
4005	22.7469043
4006	22.7786655
4007	22.799158
4008	22.8072013
4009	22.8254356
4010	22.8489036
4011	22.863039
4012	22.8717994
4013	22.8831005
4014	22.8950443
4015	22.898735
4016	22.9059276
4017	22.921297
4018	22.9260292
4019	22.9187679
4020	22.9250087
4021	22.9208412
4022	22.888586
4023	22.8801078
4024	22.8798789
4025	22.8973178
4026	22.9080905
4027	22.8907489
4028	22.8890972
4029	22.8791236
4030	22.8793849
4031	22.8859043
4032	22.9072151
4033	22.9040374
4034	22.906538
4035	22.9008884
4036	22.9008483
4037	22.8979339
4038	22.9009552
4039	22.9176673
4040	22.9427261
4041	22.9612274
4042	22.9622573
4043	22.9814243
4044	22.9671154
4045	22.9922046
4046	23.021614
4047	23.0355434
4048	23.0713424
4049	23.0678443
4050	23.1098728
4051	23.1368408
4052	23.1388416
4053	23.1523609
4054	23.1371517
4055	23.1077156
4056	23.0964412
4057	23.0972347
4058	23.0942611
4059	23.0941677
4060	23.1043453
4061	23.1130638
4062	23.1072883
4063	23.1157112
4064	23.1263847
4065	23.1439151
4066	23.1432552
4067	23.157566
4068	23.1948432
4069	23.1781883
4070	23.1781501
4071	23.1667194
4072	23.1229133
4073	23.0566864
4074	23.0282936
4075	22.9856815
4076	22.9620571
4077	22.9437503
4078	22.9278526
4079	22.9165306
4080	22.9121131
4081	22.9188995
4082	22.9359264
4083	22.95755
4084	23.0049343
4085	23.0185852
4086	23.0046062
4087	22.993431
4088	23.0383338
4089	23.0720043
4090	23.0953445
4091	23.1996078
4092	23.2882289
4093	23.3115692
4094	23.3397388
4095	23.3443241
4096	23.3500366
4097	23.3603286
4098	23.3527088
4099	23.2982902
4100	23.2879066
4101	23.3164157
4102	23.3763046
4103	23.4025249
4104	23.4020442
4105	23.3802013
4106	23.2741031
4107	23.2392463
4108	23.2192382
4109	23.1812438
4110	23.0758781
4111	23.0367012
4112	23.0094223
4113	23.0345535
4114	23.0218925
4115	23.0214958
4116	23.0062294
4117	23.0098686
4118	23.0247364
4119	23.034811
4120	23.0178852
4121	23.0061931
4122	23.0223312
4123	23.0395565
4124	23.0482082
4125	23.0443706
4126	23.0280189
4127	23.0621566
4128	23.0788173
4129	23.0798225
4130	23.0274486
4131	23.0254669
4132	23.0371284
4133	23.026556
4134	22.9731216
4135	22.9748039
4136	22.9802474
4137	22.9977607
4138	23.0450477
4139	23.0512752
4140	23.0596351
4141	23.0553913
4142	23.0584659
4143	23.081089
4144	23.1018142
4145	23.0803794
4146	23.0760421
4147	23.0266399
4148	22.9541969
4149	22.9020576
4150	22.8811264
4151	22.8783664
4152	22.8760108
4153	22.8517513
4154	22.8565654
4155	22.8673744
4156	22.8836212
4157	22.9401664
4158	22.9530982
4159	22.9753952
4160	22.9754543
4161	22.9683742
4162	22.9503402
4163	22.9773311
4164	22.9770679
4165	22.9243106
4166	22.9047946
4167	22.908802
4168	22.9349269
4169	22.9133167
4170	22.8687038
4171	22.8566341
4172	22.9291877
4173	22.935337
4174	22.938734
4175	22.9346408
4176	22.9309062
4177	22.8996028
4178	22.9139556
4179	22.9531707
4180	22.960062
4181	22.9160594
4182	22.9027442
4183	22.9472312
4184	22.926197
4185	22.9014778
4186	22.8553638
4187	22.8573093
4188	22.8890266
4189	22.9078025
4190	22.8855705
4191	22.8491878
4192	22.8361663
4193	22.8629322
4194	22.8701133
4195	22.8775997
4196	22.8871288
4197	22.9093074
4198	22.864933
4199	22.8376102
4200	22.8204345
4201	22.8026771
4202	22.7761707
4203	22.7171878
4204	22.7233352
4205	22.7302665
4206	22.7383289
4207	22.7727794
4208	22.7823581
4209	22.7568759
4210	22.745119
4211	22.7217235
4212	22.7471427
4213	22.7780361
4214	22.7937793
4215	22.7515068
4216	22.746582
4217	22.7152671
4218	22.6813888
4219	22.6834697
4220	22.667448
4221	22.6578502
4222	22.6020946
4223	22.5875778
4224	22.5850257
4225	22.6096496
4226	22.6126537
4227	22.6571998
4228	22.6859703
4229	22.7115612
4230	22.7458534
4231	22.7913894
4232	22.8344936
4233	22.8554229
4234	22.803976
4235	22.7107238
4236	22.6948566
4237	22.6798992
4238	22.6851863
4239	22.7206268
4240	22.7528629
4241	22.7139472
4242	22.670824
4243	22.6395854
4244	22.6073188
4245	22.6400165
4246	22.717308
4247	22.7316589
4248	22.775959
4249	22.8304042
4250	22.8210716
4251	22.8097915
4252	22.8098506
4253	22.7873611
4254	22.8055381
4255	22.7770538
4256	22.7772178
4257	22.7786312
4258	22.7711524
4259	22.7894268
4260	22.7895278
4261	22.77145
4262	22.7647399
4263	22.7982692
4264	22.8370246
4265	22.8239269
4266	22.8089122
4267	22.8109874
4268	22.8143939
4269	22.8188514
4270	22.7926139
4271	22.7797946
4272	22.7569751
4273	22.7497253
4274	22.795824
4275	22.7877941
4276	22.7870922
4277	22.7864742
4278	22.7993621
4279	22.8302631
4280	22.8535881
4281	22.878683
4282	22.8864994
4283	22.8776283
4284	22.8547954
4285	22.866373
4286	22.8743152
4287	22.8867053
4288	22.9115715
4289	22.9444122
4290	22.9642887
4291	22.9737949
4292	22.9691371
4293	22.9562625
4294	22.9608592
4295	22.9664306
4296	22.9593887
4297	22.9638786
4298	22.9742202
4299	22.9926376
4300	23.0424461
4301	23.0934391
4302	23.107769
4303	23.0936679
4304	23.0723876
4305	23.0713729
4306	23.0640239
4307	23.0747261
4308	23.0862712
4309	23.0965976
4310	23.0754261
4311	23.0418739
4312	23.0449333
4313	23.0381774
4314	23.0444583
4315	23.0442543
4316	23.0327701
4317	23.0393657
4318	23.0560703
4319	23.0573329
4320	23.0544509
4321	23.0788497
4322	23.0903186
4323	23.0897979
4324	23.1192359
4325	23.1574745
4326	23.1750183
4327	23.1804714
4328	23.1747226
4329	23.1844711
4330	23.1524124
4331	23.1549472
4332	23.1224117
4333	23.140253
4334	23.1362094
4335	23.1289005
4336	23.1350269
4337	23.1726932
4338	23.1900215
4339	23.1906337
4340	23.2060394
4341	23.2002258
4342	23.2378215
4343	23.2112522
4344	23.1982212
4345	23.1980686
4346	23.1912345
4347	23.1786975
4348	23.1801548
4349	23.1784744
4350	23.1881027
4351	23.221775
4352	23.2500858
4353	23.2721328
4354	23.2749404
4355	23.2862453
4356	23.3121337
4357	23.2925395
4358	23.2552986
4359	23.2303924
4360	23.1928749
4361	23.1580543
4362	23.154417
4363	23.1520881
4364	23.1548595
4365	23.1215209
4366	23.1389026
4367	23.1388568
4368	23.1431846
4369	23.1372203
4370	23.1526851
4371	23.1399383
4372	23.148611
4373	23.1746883
4374	23.1932868
4375	23.1817607
4376	23.1528968
4377	23.1431331
4378	23.1240501
4379	23.1315975
4380	23.1344223
4381	23.1466808
4382	23.1887569
4383	23.2142753
4384	23.1733436
4385	23.1265029
4386	23.1042575
4387	23.1039161
4388	23.0945472
4389	23.1183624
4390	23.1222991
4391	23.1100292
4392	23.0934925
4393	23.1127662
4394	23.1133346
4395	23.1280479
4396	23.1436328
4397	23.1137104
4398	23.1388702
4399	23.1445465
4400	23.1625156
4401	23.1789875
4402	23.175249
4403	23.1432571
4404	23.1338863
4405	23.1313648
4406	23.1334381
4407	23.1185951
4408	23.0775585
4409	23.0804843
4410	23.0530204
4411	23.0513477
4412	23.0541744
4413	23.0639286
4414	23.0688495
4415	23.0369529
4416	23.0221977
4417	23.0247306
4418	23.0095119
4419	22.9897727
4420	22.9946842
4421	23.0096302
4422	23.0380649
4423	23.0376491
4424	23.0334796
4425	23.0183219
4426	23.0114631
4427	23.0224323
4428	23.0107879
4429	23.0090179
4430	22.9876575
4431	22.9664344
4432	22.9693889
4433	22.9867668
4434	22.9791049
4435	22.9952106
4436	23.0138168
4437	23.0388908
4438	23.0475826
4439	23.0557918
4440	23.0513248
4441	23.03722
4442	23.0191898
4443	23.0071334
4444	23.0118827
4445	23.0174102
4446	23.0166625
4447	23.017126
4448	23.0192413
4449	23.041069
4450	23.0600948
4451	23.0763244
4452	23.0831508
4453	23.0826396
4454	23.0741558
4455	23.0784549
4456	23.0552444
4457	23.0579357
4458	23.0591831
4459	23.0748462
4460	23.0673427
4461	23.1074848
4462	23.1435222
4463	23.1603145
4464	23.1783542
4465	23.1572399
4466	23.1591663
4467	23.1583557
4468	23.1465473
4469	23.1175994
4470	23.1112174
