0	17.7746295
1	17.7690219
2	17.7634887
3	17.7588806
4	17.7541427
5	17.7491645
6	17.7430744
7	17.7390632
8	17.7349262
9	17.7299613
10	17.7253952
11	17.7215671
12	17.7167015
13	17.7129993
14	17.708826
15	17.7048511
16	17.7008399
17	17.6973934
18	17.6939182
19	17.6896038
20	17.6860904
21	17.6824741
22	17.6791687
23	17.6754703
24	17.6731796
25	17.6697387
26	17.6659488
27	17.6635227
28	17.6604804
29	17.6569976
30	17.6539344
31	17.6510601
32	17.6484241
33	17.6459922
34	17.6431884
35	17.6404457
36	17.6381664
37	17.6356468
38	17.6327381
39	17.6306056
40	17.6285018
41	17.6261348
42	17.6237087
43	17.6218051
44	17.6193981
45	17.6176815
46	17.6154594
47	17.612997
48	17.6114692
49	17.609539
50	17.6078948
51	17.605627
52	17.6040897
53	17.6025066
54	17.600666
55	17.5990962
56	17.5974502
57	17.5961151
58	17.5944881
59	17.5924491
60	17.5904903
61	17.588768
62	17.5873012
63	17.5862445
64	17.5854148
65	17.5830402
66	17.5820007
67	17.5808067
68	17.5798149
69	17.5781345
70	17.5772762
71	17.576128
72	17.5748691
73	17.5743064
74	17.5729408
75	17.5716724
76	17.5698432
77	17.5686187
78	17.5658168
79	17.5665473
80	17.564846
81	17.5654239
82	17.5648002
83	17.5626373
84	17.5623779
85	17.5623626
86	17.5612335
87	17.5603942
88	17.5593776
89	17.5583038
90	17.5574226
91	17.556509
92	17.5556831
93	17.5547599
94	17.5538368
95	17.5529766
96	17.5525779
97	17.5521259
98	17.5512924
99	17.5506782
100	17.5503177
101	17.5497837
102	17.5490722
103	17.5486564
104	17.5482349
105	17.5472049
106	17.546175
107	17.5462055
108	17.5458984
109	17.5452938
110	17.5445232
111	17.5444488
112	17.5435905
113	17.5433406
114	17.5424423
115	17.5426273
116	17.5420627
117	17.5416297
118	17.5407123
119	17.5409374
120	17.5400104
121	17.5402927
122	17.5397834
123	17.5393199
124	17.5392341
125	17.5383281
126	17.5375556
127	17.5373497
128	17.5370178
129	17.5371818
130	17.5376777
131	17.5363197
132	17.5359134
133	17.5356445
134	17.535099
135	17.5347042
136	17.5353031
137	17.5343837
138	17.5340671
139	17.5337791
140	17.5339794
141	17.5342807
142	17.5336818
143	17.5336627
144	17.5334148
145	17.5329952
146	17.5324821
147	17.5322189
148	17.5328235
149	17.5321655
150	17.5326118
151	17.5324306
152	17.5318241
153	17.5320014
154	17.5317687
155	17.5314178
156	17.5313949
157	17.5309391
158	17.5310077
159	17.5307445
160	17.5308227
161	17.5304393
162	17.5307312
163	17.5302524
164	17.530138
165	17.530445
166	17.5301666
167	17.5300903
168	17.5300407
169	17.5295886
170	17.5299301
171	17.529829
172	17.529232
173	17.5291767
174	17.529602
175	17.5293312
176	17.5290813
177	17.5295085
178	17.5296611
179	17.5294017
180	17.5295009
181	17.5295467
182	17.5296344
183	17.5298328
184	17.528656
185	17.5291442
186	17.5287322
187	17.5285835
188	17.5288944
189	17.5287361
190	17.5284423
191	17.5291328
192	17.5287361
193	17.5282478
194	17.5288696
195	17.5285243
196	17.5285243
197	17.5288257
198	17.5285415
199	17.5295391
200	17.5291614
201	17.5288009
202	17.5288925
203	17.5289134
204	17.5283794
205	17.5283451
206	17.5287876
207	17.5280475
208	17.5285892
209	17.5289287
210	17.5287742
211	17.5286273
212	17.5289955
213	17.5294246
214	17.5297451
215	17.5294284
216	17.5288944
217	17.5286388
218	17.52915
219	17.5293693
220	17.5293235
221	17.5295372
222	17.5299911
223	17.5300674
224	17.5296669
225	17.5299701
226	17.5289821
227	17.5292587
228	17.5297088
229	17.5299263
230	17.5300407
231	17.5300292
232	17.5303821
233	17.5302047
234	17.5302829
235	17.5301322
236	17.5299491
237	17.5304718
238	17.5302886
239	17.5304946
240	17.5308761
241	17.5310382
242	17.5307025
243	17.5299377
244	17.5306053
245	17.5306835
246	17.5306968
247	17.5307445
248	17.5308284
249	17.530796
250	17.531145
251	17.5308914
252	17.5314998
253	17.5313968
254	17.5316772
255	17.5320072
256	17.531393
257	17.5312156
258	17.53129
259	17.532135
260	17.5319728
261	17.5321788
262	17.5316905
263	17.531639
264	17.5326213
265	17.5325927
266	17.5313606
267	17.5325336
268	17.5327701
269	17.5325546
270	17.5322685
271	17.5325241
272	17.5326747
273	17.5332489
274	17.533142
275	17.5332393
276	17.5329074
277	17.5330467
278	17.5333995
279	17.5331249
280	17.5335235
281	17.5330696
282	17.5340499
283	17.5343227
284	17.5329208
285	17.533596
286	17.5337429
287	17.533884
288	17.5335731
289	17.5347042
290	17.5341682
291	17.5343322
292	17.5343494
293	17.5347938
294	17.5354461
295	17.5347995
296	17.5352611
297	17.5349311
298	17.5350494
299	17.5342502
300	17.5355834
301	17.5352821
302	17.5363006
303	17.5354881
304	17.5355072
305	17.5359554
306	17.5364799
307	17.5360717
308	17.5359954
309	17.5359706
310	17.5364685
311	17.5362758
312	17.5372257
313	17.5373001
314	17.5367221
315	17.5341224
316	17.5368633
317	17.5366764
318	17.5371112
319	17.5369987
320	17.5370731
321	17.5373439
322	17.5373325
323	17.5379161
324	17.5382995
325	17.538311
326	17.5383796
327	17.5384807
328	17.5386161
329	17.5377101
330	17.5386409
331	17.538866
332	17.5382747
333	17.5385856
334	17.5385551
335	17.5387783
336	17.53899
337	17.5393619
338	17.5391998
339	17.539421
340	17.5392227
341	17.5400581
342	17.5397567
343	17.5398883
344	17.5392723
345	17.5394706
346	17.5391845
347	17.5398521
348	17.5393047
349	17.5405445
350	17.5411434
351	17.5404014
352	17.5409545
353	17.5413455
354	17.5409698
355	17.5415191
356	17.5412063
357	17.5412731
358	17.5412025
359	17.5407218
360	17.5416431
361	17.5422973
362	17.5413722
363	17.5424022
364	17.5415554
365	17.5419578
366	17.5421695
367	17.5417098
368	17.542509
369	17.542921
370	17.542757
371	17.5428638
372	17.5426464
373	17.5428256
374	17.5430431
375	17.5434265
376	17.5430641
377	17.5427436
378	17.5430679
379	17.5438823
380	17.5433979
381	17.5435714
382	17.5436305
383	17.543497
384	17.5436058
385	17.5441074
386	17.5441856
387	17.5444679
388	17.5444717
389	17.5446891
390	17.5445384
391	17.544754
392	17.5450077
393	17.5449161
394	17.5454387
395	17.5483264
396	17.5487308
397	17.5489482
398	17.5493373
399	17.5486984
400	17.5491085
401	17.5493869
402	17.5494041
403	17.5497055
404	17.5498523
405	17.5503597
406	17.5501346
407	17.5505218
408	17.5504131
409	17.5504055
410	17.5512123
411	17.5512447
412	17.5514926
413	17.5516166
414	17.552267
415	17.5515861
416	17.5524787
417	17.552639
418	17.5524196
419	17.5530128
420	17.5531463
421	17.5530433
422	17.5530452
423	17.5532093
424	17.5532875
425	17.5540237
426	17.5540866
427	17.5543708
428	17.5545272
429	17.5548801
430	17.5549163
431	17.5547981
432	17.5552024
433	17.5553932
434	17.555067
435	17.5552902
436	17.5553302
437	17.5560321
438	17.5565013
439	17.556467
440	17.5570411
441	17.5558948
442	17.5563583
443	17.5569324
444	17.5557022
445	17.556694
446	17.5567035
447	17.5569667
448	17.5584316
449	17.5576076
450	17.556961
451	17.5580596
452	17.5580825
453	17.5585308
454	17.5585346
455	17.5589046
456	17.5588798
457	17.5591754
458	17.5588302
459	17.5590629
460	17.5591125
461	17.5597629
462	17.5598011
463	17.560152
464	17.5602645
465	17.5604057
466	17.5603008
467	17.5607891
468	17.5607872
469	17.560213
470	17.5601234
471	17.5612831
472	17.5612659
473	17.5612545
474	17.5621891
475	17.5622959
476	17.5622673
477	17.5622978
478	17.5625495
479	17.562334
480	17.5627059
481	17.5633583
482	17.5334854
483	17.5659904
484	17.5661735
485	17.5670146
486	17.5680904
487	17.5687866
488	17.5697345
489	17.5710067
490	17.5718002
491	17.5727596
492	17.5742111
493	17.5745868
494	17.5755157
495	17.5763416
496	17.5773296
497	17.5776576
498	17.5784111
499	17.5805683
500	17.5812091
501	17.5817451
502	17.5829296
503	17.5837078
504	17.5839729
505	17.5847892
506	17.5860767
507	17.5870208
508	17.588005
509	17.5886173
510	17.5897445
511	17.5898132
512	17.5909481
513	17.5919742
514	17.5926589
515	17.5932502
516	17.5940761
517	17.5954036
518	17.5962142
519	17.5976734
520	17.5982799
521	17.5989532
522	17.5999526
523	17.6009349
524	17.6017894
525	17.6023406
526	17.6033973
527	17.604084
528	17.6055011
529	17.605297
530	17.6067276
531	17.6073055
532	17.6087799
533	17.609415
534	17.6093082
535	17.6101169
536	17.6111412
537	17.6125888
538	17.6132164
539	17.6141567
540	17.6147365
541	17.6154994
542	17.6154499
543	17.6164207
544	17.6180381
545	17.6190223
546	17.6200084
547	17.6210403
548	17.6216754
549	17.6221714
550	17.6228637
551	17.6233806
552	17.6249217
553	17.6256446
554	17.6263294
555	17.6262607
556	17.6276473
557	17.6284446
558	17.6288166
559	17.6298961
560	17.6309871
561	17.6327819
562	17.6323909
563	17.6339607
564	17.6350135
565	17.6365585
566	17.6372146
567	17.6367378
568	17.6381607
569	17.6385078
570	17.6395816
571	17.6400985
572	17.6407909
573	17.6423835
574	17.6427745
575	17.6436805
576	17.6439971
577	17.6445636
578	17.6453876
579	17.6468505
580	17.6475753
581	17.6479969
582	17.6491699
583	17.6499977
584	17.6502475
585	17.6505508
586	17.6519832
587	17.6523933
588	17.6534519
589	17.6548881
590	17.6554546
591	17.6564426
592	17.6568412
593	17.6576538
594	17.6580314
595	17.6590194
596	17.6597518
597	17.6608219
598	17.6610069
599	17.6620121
600	17.6631126
601	17.6640357
602	17.6644573
603	17.665369
604	17.6661109
605	17.6665439
606	17.6677761
607	17.6679897
608	17.6683807
609	17.6691646
610	17.6711483
611	17.671648
612	17.6722869
613	17.6727809
614	17.6736946
615	17.6750907
616	17.6754646
617	17.675579
618	17.6766281
619	17.6783885
620	17.6785984
621	17.6789798
622	17.6796836
623	17.680294
624	17.6813011
625	17.682064
626	17.6827297
627	17.6831855
628	17.6842002
629	17.6851119
630	17.6860351
631	17.6872386
632	17.6880149
633	17.6885414
634	17.6893539
635	17.6898612
636	17.6906661
637	17.6902179
638	17.6921272
639	17.6938228
640	17.6946029
641	17.6945323
642	17.6957321
643	17.696598
644	17.6967754
645	17.6973705
646	17.6972808
647	17.6989498
648	17.6990242
649	17.6994342
650	17.7014026
651	17.7017173
652	17.7023048
653	17.7035312
654	17.7048168
655	17.7049179
656	17.7059059
657	17.7062454
658	17.707508
659	17.7080364
660	17.7086887
661	17.7102241
662	17.7103481
663	17.7113533
664	17.7123432
665	17.7117118
666	17.7132225
667	17.7136535
668	17.714508
669	17.715269
670	17.7164077
671	17.7170104
672	17.7181739
673	17.7191963
674	17.7197113
675	17.7194614
676	17.720499
677	17.7210693
678	17.7213306
679	17.722311
680	17.7241821
681	17.7244758
682	17.7257881
683	17.7261753
684	17.7268238
685	17.7283515
686	17.72826
687	17.7291393
688	17.7291507
689	17.7302474
690	17.7308597
691	17.7309646
692	17.7315502
693	17.7324542
694	17.7339229
695	17.7347202
696	17.7346229
697	17.7356567
698	17.7374248
699	17.7375888
700	17.7373447
701	17.7380695
702	17.7388858
703	17.7387046
704	17.7405643
705	17.7414817
706	17.7422275
707	17.7434997
708	17.743576
709	17.7448348
710	17.7448425
711	17.7456607
712	17.7466545
713	17.7476654
714	17.7481784
715	17.7489814
716	17.7498054
717	17.7508068
718	17.7507038
719	17.7519416
720	17.7525043
721	17.7535018
722	17.7536258
723	17.7550773
724	17.7555046
725	17.7564525
726	17.7570915
727	17.7573928
728	17.7588539
729	17.7588748
730	17.7597293
731	17.7609958
732	17.7611923
733	17.7617511
734	17.7625122
735	17.7628269
736	17.7632331
737	17.7635307
738	17.7650375
739	17.7658996
740	17.7664833
741	17.7683582
742	17.7678985
743	17.7686424
744	17.7697429
745	17.7699356
746	17.7701377
747	17.7718753
748	17.7716846
749	17.7725715
750	17.7734241
751	17.7737827
752	17.7746868
753	17.7755489
754	17.7763099
755	17.7767562
756	17.7776947
757	17.7787837
758	17.7790775
759	17.7800083
760	17.7814674
761	17.7814292
762	17.7818756
763	17.7823657
764	17.7834053
765	17.7836418
766	17.7842559
767	17.7844429
768	17.785839
769	17.7869415
770	17.787611
771	17.7885417
772	17.7893829
773	17.7895183
774	17.790409
775	17.7907314
776	17.7907524
777	17.7924842
778	17.792591
779	17.7935142
780	17.7946052
781	17.7954235
782	17.795906
783	17.7966041
784	17.7972373
785	17.798067
786	17.7983856
787	17.7989139
788	17.7997112
789	17.8005733
790	17.8010005
791	17.8017063
792	17.8027095
793	17.8032855
794	17.8038425
795	17.8044033
796	17.8049678
797	17.805706
798	17.8067741
799	17.8068752
800	17.8082847
801	17.8087139
802	17.8093605
803	17.8097572
804	17.8104286
805	17.8111381
806	17.8118286
807	17.8129577
808	17.8134269
809	17.8139839
810	17.8140163
811	17.8152389
812	17.8155612
813	17.8161334
814	17.8166446
815	17.8179035
816	17.8188171
817	17.8196964
818	17.8207416
819	17.8208961
820	17.8213062
821	17.8222236
822	17.8229846
823	17.8240756
824	17.8241977
825	17.8254833
826	17.826128
827	17.8263187
828	17.8276309
829	17.8277359
830	17.8285388
831	17.8296566
832	17.8300762
833	17.8313484
834	17.8314914
835	17.8334579
836	17.8325405
837	17.8328018
838	17.8344726
839	17.834053
840	17.835287
841	17.8359966
842	17.836399
843	17.8369483
844	17.8373622
845	17.8382129
846	17.8386058
847	17.8394622
848	17.8394222
849	17.8405628
850	17.8413448
851	17.842041
852	17.8425998
853	17.8435249
854	17.8442783
855	17.8453369
856	17.845539
857	17.8456573
858	17.8475761
859	17.8472099
860	17.847557
861	17.8484325
862	17.8490104
863	17.8497753
864	17.850748
865	17.8512744
866	17.8519382
867	17.8523731
868	17.8547248
869	17.8546218
870	17.8543739
871	17.8555355
872	17.854021
873	17.8567047
874	17.8568782
875	17.8569526
876	17.8586521
877	17.8591842
878	17.8602924
879	17.8608512
880	17.861309
881	17.8621463
882	17.8627719
883	17.8636322
884	17.8637866
885	17.8641242
886	17.8651485
887	17.865797
888	17.8663043
889	17.8674736
890	17.8675994
891	17.8688278
892	17.8694515
893	17.870243
894	17.8707447
895	17.8712024
896	17.8708152
897	17.8718757
898	17.8729705
899	17.8735141
900	17.8743896
901	17.8744449
902	17.8755226
903	17.8760509
904	17.8768939
905	17.8769645
906	17.8783454
907	17.8786277
908	17.8792572
909	17.87998
910	17.8804264
911	17.8805904
912	17.8813915
913	17.8821868
914	17.882637
915	17.8832645
916	17.8840141
917	17.8846359
918	17.8858947
919	17.8862609
920	17.8870697
921	17.8876495
922	17.8883075
923	17.8889598
924	17.889862
925	17.8895626
926	17.8906021
927	17.8911094
928	17.8925056
929	17.8922595
930	17.8932743
931	17.8939914
932	17.8947715
933	17.8942852
934	17.8954219
935	17.8959388
936	17.8967704
937	17.8972434
938	17.8981513
939	17.8992023
940	17.8997077
941	17.9003982
942	17.9006767
943	17.901432
944	17.9023246
945	17.9022865
946	17.9030513
947	17.9039268
948	17.9042243
949	17.9054241
950	17.9057559
951	17.9063987
952	17.9068927
953	17.9075984
954	17.9080848
955	17.9084243
956	17.9102993
957	17.9110717
958	17.9106674
959	17.9110431
960	17.9119644
961	17.9130268
962	17.913845
963	17.9143085
964	17.9149341
965	17.9153347
966	17.9160137
967	17.9170627
968	17.9173526
969	17.9179153
970	17.9186344
971	17.9190025
972	17.9193782
973	17.9204654
974	17.9211711
975	17.9215507
976	17.9219989
977	17.9227066
978	17.9234676
979	17.9243965
980	17.9248752
981	17.9252948
982	17.9256725
983	17.9262638
984	17.9268569
985	17.92803
986	17.9282932
987	17.928543
988	17.9295043
989	17.9299201
990	17.9308013
991	17.9316577
992	17.932312
993	17.9325618
994	17.9330215
995	17.9336338
996	17.9346065
997	17.9352035
998	17.9358291
999	17.9361209
1000	17.9371089
1001	17.9376678
1002	17.9382286
1003	17.9382095
1004	17.9388179
1005	17.939682
1006	17.9415397
1007	17.9409885
1008	17.9413013
1009	17.943016
1010	17.9433212
1011	17.9442081
1012	17.9442234
1013	17.9445896
1014	17.9451427
1015	17.945261
1016	17.9473438
1017	17.947422
1018	17.9478626
1019	17.9489631
1020	17.9496269
1021	17.9494705
1022	17.9498977
1023	17.9505329
1024	17.9511623
1025	17.9528598
1026	17.9531154
1027	17.9532852
1028	17.9543972
1029	17.9548301
1030	17.9558639
1031	17.9559993
1032	17.9569625
1033	17.9571762
1034	17.9570751
1035	17.9576015
1036	17.9590587
1037	17.9597682
1038	17.9601039
1039	17.9603958
1040	17.962181
1041	17.9614925
1042	17.9623851
1043	17.9624824
1044	17.9632587
1045	17.9645767
1046	17.964859
1047	17.9650859
1048	17.9662456
1049	17.9662208
1050	17.9670352
1051	17.9676475
1052	17.9685611
1053	17.9692497
1054	17.9692535
1055	17.970026
1056	17.9709968
1057	17.9719524
1058	17.9722824
1059	17.9719409
1060	17.9724998
1061	17.9734363
1062	17.9741115
1063	17.974802
1064	17.9756603
1065	17.9761848
1066	17.9766502
1067	17.9776554
1068	17.9780635
1069	17.9783725
1070	17.9786491
1071	17.9801101
1072	17.9798946
1073	17.9811305
1074	17.9819507
1075	17.9821891
1076	17.9848613
1077	17.9831886
1078	17.983591
1079	17.9833507
1080	17.9840984
1081	17.9859981
1082	17.9861526
1083	17.987091
1084	17.9872703
1085	17.9881744
1086	17.9882373
1087	17.9889411
1088	17.9893398
1089	17.9901199
1090	17.9906177
1091	17.9912452
1092	17.9920234
1093	17.9926071
1094	17.9931163
1095	17.9942073
1096	17.9949913
1097	17.9945774
1098	17.9949512
1099	17.9961681
1100	17.9965858
1101	17.9976387
1102	17.9975509
1103	17.9984569
1104	17.9986763
1105	18.0003318
1106	17.9998817
1107	18.0002632
1108	18.0011692
1109	18.0017356
1110	18.0025043
1111	18.0028438
1112	18.004074
1113	18.0044231
1114	18.004631
1115	18.0050754
1116	18.0058975
1117	18.0057449
1118	18.0066528
1119	18.0073661
1120	18.0078182
1121	18.0084285
1122	18.0098209
1123	18.010231
1124	18.0107288
1125	18.0105743
1126	18.0113735
1127	18.0126247
1128	18.01268
1129	18.0129623
1130	18.0138206
1131	18.0145702
1132	18.0154361
1133	18.0154075
1134	18.0166206
1135	18.0164756
1136	18.0171222
1137	18.0180397
1138	18.019001
1139	18.0193672
1140	18.0194549
1141	18.0198154
1142	18.0205001
1143	18.0216655
1144	18.021902
1145	18.0228614
1146	18.0234146
1147	18.0237693
1148	18.0237159
1149	18.0247154
1150	18.0253353
1151	18.0257549
1152	18.0264434
1153	18.0273361
1154	18.0274829
1155	18.0282344
1156	18.0286464
1157	18.0298633
1158	18.0301628
1159	18.0305957
1160	18.0316333
1161	18.0317001
1162	18.0321884
1163	18.0330677
1164	18.0328216
1165	18.0346336
1166	18.0347595
1167	18.0350303
1168	18.0362987
1169	18.0366992
1170	18.036581
1171	18.037178
1172	18.0379447
1173	18.0383911
1174	18.039112
1175	18.0396976
1176	18.0401878
1177	18.0405387
1178	18.0413894
1179	18.0417251
1180	18.0429286
1181	18.0438461
1182	18.0436706
1183	18.0441226
1184	18.0449504
1185	18.0452651
1186	18.0463829
1187	18.0459842
1188	18.0473308
1189	18.0472908
1190	18.0475711
1191	18.0483303
1192	18.0481109
1193	18.0481758
1194	18.0504875
1195	18.0503387
1196	18.0509319
1197	18.0515251
1198	18.0518207
1199	18.0532112
1200	18.0537338
1201	18.0546646
1202	18.0552387
1203	18.0545959
1204	18.0561065
1205	18.0562229
1206	18.0570716
1207	18.0577983
1208	18.0577297
1209	18.0591564
1210	18.0587406
1211	18.0596141
1212	18.0604038
1213	18.0607242
1214	18.0614471
1215	18.0619964
1216	18.0622825
1217	18.0631809
1218	18.0640125
1219	18.0644969
1220	18.0647163
1221	18.0652923
1222	18.0657215
1223	18.0663566
1224	18.0669937
1225	18.0677299
1226	18.0679683
1227	18.0687274
1228	18.0690345
1229	18.0692749
1230	18.0701293
1231	18.0710544
1232	18.0708808
1233	18.0720043
1234	18.0728549
1235	18.0726737
1236	18.0738563
1237	18.0743198
1238	18.0753459
1239	18.0758018
1240	18.075613
1241	18.0761413
1242	18.0772094
1243	18.0772342
1244	18.0779743
1245	18.0784225
1246	18.0789947
1247	18.0799522
1248	18.0793628
1249	18.0804138
1250	18.0810337
1251	18.0812072
1252	18.0819301
1253	18.082632
1254	18.0830383
1255	18.0844001
1256	18.0848445
1257	18.085226
1258	18.0846767
1259	18.0854969
1260	18.0865898
1261	18.0874881
1262	18.0875949
1263	18.0878944
1264	18.0889205
1265	18.0898628
1266	18.0900154
1267	18.090269
1268	18.0910053
1269	18.0912857
1270	18.0919723
1271	18.0921955
1272	18.092905
1273	18.0940036
1274	18.0937519
1275	18.0945377
1276	18.0946578
1277	18.0952739
1278	18.0959587
1279	18.0964164
1280	18.0969295
1281	18.0977649
1282	18.0984096
1283	18.0987606
1284	18.0998935
1285	18.1002769
1286	18.09976
1287	18.1004066
1288	18.1012096
1289	18.1016597
1290	18.1030178
1291	18.102972
1292	18.103548
1293	18.1052722
1294	18.1045246
1295	18.1055984
1296	18.1051101
1297	18.1059169
1298	18.1062488
1299	18.1071739
1300	18.1078968
1301	18.1082668
1302	18.1079597
1303	18.1094303
1304	18.1104526
1305	18.1110706
1306	18.1114673
1307	18.112276
1308	18.1122341
1309	18.1131324
1310	18.1135711
1311	18.1135387
1312	18.1143379
1313	18.1148414
1314	18.1156139
1315	18.1156749
1316	18.1166515
1317	18.1171131
1318	18.1175251
1319	18.1175041
1320	18.117752
1321	18.1193962
1322	18.1186485
1323	18.1198101
1324	18.1199989
1325	18.1209926
1326	18.1220455
1327	18.1225624
1328	18.1231155
1329	18.1230907
1330	18.1241245
1331	18.1241855
1332	18.1244087
1333	18.1252403
1334	18.1260795
1335	18.1263141
1336	18.1270141
1337	18.1276187
1338	18.1288223
1339	18.1282939
1340	18.1287078
1341	18.129364
1342	18.1299552
1343	18.1303234
1344	18.1306724
1345	18.1313171
1346	18.1327991
1347	18.1329631
1348	18.1332893
1349	18.134325
1350	18.1350421
1351	18.1352691
1352	18.1356048
1353	18.1361789
1354	18.135828
1355	18.1361637
1356	18.1375389
1357	18.1378631
1358	18.1382408
1359	18.1388645
1360	18.1395473
1361	18.1403369
1362	18.1409358
1363	18.141222
1364	18.1411113
1365	18.1420345
1366	18.1426448
1367	18.1432304
1368	18.1439437
1369	18.1449851
1370	18.1455879
1371	18.1454925
1372	18.1459236
1373	18.1462326
1374	18.1464443
1375	18.1472301
1376	18.1471443
1377	18.1476306
1378	18.1481876
1379	18.1490173
1380	18.149578
1381	18.1501197
1382	18.1505527
1383	18.150896
1384	18.1520881
1385	18.1529445
1386	18.1531829
1387	18.1530895
1388	18.1544342
1389	18.1540889
1390	18.154869
1391	18.1552085
1392	18.1557731
1393	18.1561927
1394	18.1572017
1395	18.157711
1396	18.1584224
1397	18.1589126
1398	18.159523
1399	18.159729
1400	18.1599311
1401	18.1609954
1402	18.1611423
1403	18.1618537
1404	18.162466
1405	18.1627159
1406	18.1632328
1407	18.1636981
1408	18.1638793
1409	18.1646728
1410	18.1650981
1411	18.1657505
1412	18.1667366
1413	18.1667118
1414	18.1680202
1415	18.168312
1416	18.1680374
1417	18.1681365
1418	18.1686382
1419	18.1701698
1420	18.1705875
1421	18.1701831
1422	18.1710186
1423	18.171379
1424	18.1715469
1425	18.1724834
1426	18.1729183
1427	18.1740722
1428	18.1738376
1429	18.174591
1430	18.1746597
1431	18.1758155
1432	18.1765537
1433	18.1772918
1434	18.1776065
1435	18.1781482
1436	18.1784
1437	18.1787624
1438	18.1791343
1439	18.179903
1440	18.179903
1441	18.1802253
1442	18.1812953
1443	18.1816673
1444	18.1823387
1445	18.1823291
1446	18.1828746
1447	18.1839885
1448	18.1842784
1449	18.184658
1450	18.1857757
1451	18.1854114
1452	18.1860752
1453	18.1866073
1454	18.1874027
1455	18.1876335
1456	18.1881351
1457	18.1886138
1458	18.1890029
1459	18.1894741
1460	18.1902351
1461	18.1909255
1462	18.1915073
1463	18.1921787
1464	18.192583
1465	18.1929283
1466	18.193449
1467	18.1940498
1468	18.1944046
1469	18.1951808
1470	18.1955738
1471	18.1957283
1472	18.1964263
1473	18.1980037
1474	18.1978321
1475	18.1975059
1476	18.1972274
1477	18.1992015
1478	18.1989288
1479	18.1997814
1480	18.2000026
1481	18.200756
1482	18.2009201
1483	18.2016468
1484	18.2016868
1485	18.202156
1486	18.2033653
1487	18.2042675
1488	18.2044982
1489	18.2043552
1490	18.2052574
1491	18.2052555
1492	18.2066345
1493	18.2062473
1494	18.2066097
1495	18.2077255
1496	18.2080554
1497	18.2085552
1498	18.209383
1499	18.2093715
1500	18.2097339
1501	18.2106971
1502	18.2107887
1503	18.2113685
1504	18.2120018
1505	18.2133083
1506	18.2129383
1507	18.2133483
1508	18.2142543
1509	18.2141075
1510	18.2152385
1511	18.2148036
1512	18.2163658
1513	18.2172412
1514	18.2168045
1515	18.2176399
1516	18.2182826
1517	18.2185802
1518	18.2192077
1519	18.2195377
1520	18.2199668
1521	18.2204551
1522	18.2211227
1523	18.221342
1524	18.2212429
1525	18.2217597
1526	18.2224044
1527	18.2231655
1528	18.2237415
1529	18.22402
1530	18.2241573
1531	18.224987
1532	18.2239246
1533	18.2257442
1534	18.2259368
1535	18.2280044
1536	18.2278137
1537	18.228239
1538	18.2296638
1539	18.2288227
1540	18.2288093
1541	18.2299785
1542	18.2297573
1543	18.2300968
1544	18.2314147
1545	18.2319049
1546	18.2327327
1547	18.2327079
1548	18.2328605
1549	18.2337818
1550	18.2343463
1551	18.2349262
1552	18.2349872
1553	18.2361354
1554	18.2363109
1555	18.2369804
1556	18.2371978
1557	18.2369079
1558	18.2382564
1559	18.2391948
1560	18.239561
1561	18.239582
1562	18.2400741
1563	18.2406597
1564	18.2407474
1565	18.241888
1566	18.2419929
1567	18.2426681
1568	18.2428379
1569	18.2448673
1570	18.2437667
1571	18.2439727
1572	18.2450771
1573	18.2457447
1574	18.2457618
1575	18.2462863
1576	18.2464389
1577	18.2477607
1578	18.2483711
1579	18.2483196
1580	18.2484703
1581	18.2489395
1582	18.2496547
1583	18.249628
1584	18.2505321
1585	18.2508296
1586	18.2516078
1587	18.2516536
1588	18.2523136
1589	18.2527523
1590	18.2525386
1591	18.2530097
1592	18.2540454
1593	18.254425
1594	18.2548942
1595	18.2555103
1596	18.255783
1597	18.2571964
1598	18.2573223
1599	18.2580986
1600	18.2581806
1601	18.2589073
1602	18.2587032
1603	18.2595729
1604	18.259962
1605	18.2598781
1606	18.2605991
1607	18.261404
1608	18.2613296
1609	18.2620182
1610	18.2627182
1611	18.2624244
1612	18.2641239
1613	18.2645168
1614	18.2642898
1615	18.2654666
1616	18.2650718
1617	18.2657279
1618	18.2661781
1619	18.2668876
1620	18.2676448
1621	18.2675266
1622	18.2683238
1623	18.2688922
1624	18.2693347
1625	18.27005
1626	18.2698001
1627	18.2705173
1628	18.2710037
1629	18.2715015
1630	18.2717895
1631	18.2723922
1632	18.2730083
1633	18.2732315
1634	18.2743835
1635	18.2744483
1636	18.274868
1637	18.2753963
1638	18.2760562
1639	18.2758388
1640	18.2771739
1641	18.2777748
1642	18.277275
1643	18.2785549
1644	18.278841
1645	18.2790203
1646	18.2792224
1647	18.2796478
1648	18.2800025
1649	18.2803497
1650	18.280981
1651	18.2815437
1652	18.2824382
1653	18.2825469
1654	18.2831516
1655	18.2834491
1656	18.284481
1657	18.2844028
1658	18.2843456
1659	18.2854728
1660	18.285923
1661	18.2862453
1662	18.2868194
1663	18.2868175
1664	18.2878322
1665	18.2884063
1666	18.2885818
1667	18.2889766
1668	18.2896022
1669	18.2901973
1670	18.2904853
1671	18.2913875
1672	18.2917251
1673	18.2925701
1674	18.2925739
1675	18.2926387
1676	18.2934494
1677	18.293972
1678	18.2941703
1679	18.2940464
1680	18.2950763
1681	18.2954368
1682	18.2950363
1683	18.2964897
1684	18.2965202
1685	18.2978801
1686	18.2985382
1687	18.2985248
1688	18.2991638
1689	18.2994709
1690	18.2996673
1691	18.3005733
1692	18.3000011
1693	18.3008975
1694	18.3015956
1695	18.3022193
1696	18.3029022
1697	18.3031635
1698	18.3029613
1699	18.3035964
1700	18.3040313
1701	18.3049545
1702	18.3055114
1703	18.3057956
1704	18.3103351
1705	18.3074474
1706	18.306818
1707	18.3076343
1708	18.3076858
1709	18.3085346
1710	18.308361
1711	18.3090782
1712	18.3094463
1713	18.3101081
1714	18.3100395
1715	18.3105354
1716	18.311304
1717	18.31151
1718	18.3123912
1719	18.3128585
1720	18.3138465
1721	18.3140163
1722	18.3144702
1723	18.3145217
1724	18.3150157
1725	18.3156833
1726	18.3161163
1727	18.3167648
1728	18.3168754
1729	18.3173656
1730	18.3176193
1731	18.3182449
1732	18.3188304
1733	18.3190193
1734	18.3196277
1735	18.3196201
1736	18.3199748
1737	18.3212833
1738	18.3212413
1739	18.322071
1740	18.3226699
1741	18.3231849
1742	18.3234882
1743	18.3236865
1744	18.3237972
1745	18.3243122
1746	18.3245468
1747	18.3251495
1748	18.3259868
1749	18.3264026
1750	18.3265647
1751	18.3267402
1752	18.3273468
1753	18.3280086
1754	18.3283748
1755	18.3281459
1756	18.329113
1757	18.3297481
1758	18.3303871
1759	18.330574
1760	18.3311748
1761	18.3315486
1762	18.3320903
1763	18.3325099
1764	18.3328571
1765	18.3327884
1766	18.3331432
1767	18.3341388
1768	18.3341579
1769	18.3348026
1770	18.3360061
1771	18.3364448
1772	18.3365287
1773	18.3371086
1774	18.3381385
1775	18.3378925
1776	18.3377285
1777	18.3386764
1778	18.3389377
1779	18.3388824
1780	18.3396186
1781	18.3405036
1782	18.3404674
1783	18.3410205
1784	18.3411998
1785	18.3448753
1786	18.3430862
1787	18.3437194
1788	18.3434715
1789	18.3437576
1790	18.3441467
1791	18.344841
1792	18.344675
1793	18.3451614
1794	18.3456935
1795	18.3470726
1796	18.346651
1797	18.3471279
1798	18.3473663
1799	18.3477115
1800	18.3493099
1801	18.3498668
1802	18.3506031
1803	18.3497219
1804	18.3503208
1805	18.3507595
1806	18.350563
1807	18.3522815
1808	18.3518791
1809	18.3520126
1810	18.3523254
1811	18.3527221
1812	18.3537864
1813	18.3534469
1814	18.3547706
1815	18.3549098
1816	18.3557548
1817	18.3563022
1818	18.3559875
1819	18.3564262
1820	18.3574237
1821	18.3578472
1822	18.3583469
1823	18.3587341
1824	18.3595943
1825	18.3597774
1826	18.3607501
1827	18.3602523
1828	18.3607921
1829	18.3620853
1830	18.3619041
1831	18.3625373
1832	18.3625831
1833	18.3636684
1834	18.3635883
1835	18.3638572
1836	18.3645343
1837	18.365158
1838	18.365839
1839	18.3659534
1840	18.3656082
1841	18.3659076
1842	18.3668403
1843	18.3675937
1844	18.3675651
1845	18.3686828
1846	18.3687362
1847	18.3690605
1848	18.3698406
1849	18.3701896
1850	18.370882
1851	18.3711414
1852	18.3708
1853	18.3714771
1854	18.3724021
1855	18.3723621
1856	18.3726177
1857	18.3734912
1858	18.3736495
1859	18.374197
1860	18.3742656
1861	18.374958
1862	18.3759784
1863	18.3760242
1864	18.3761539
1865	18.3770809
1866	18.3773403
1867	18.37788
1868	18.3787078
1869	18.37821
1870	18.3788356
1871	18.3795337
1872	18.3794403
1873	18.3808898
1874	18.3801097
1875	18.3800601
1876	18.3817005
1877	18.3821563
1878	18.3823661
1879	18.3828201
1880	18.3833065
1881	18.383665
1882	18.3838405
1883	18.384634
1884	18.3849601
1885	18.3851985
1886	18.3858509
1887	18.3867206
1888	18.386343
1889	18.386631
1890	18.387228
1891	18.3877124
1892	18.3884277
1893	18.3892955
1894	18.3887176
1895	18.3895263
1896	18.3894138
1897	18.3902301
1898	18.3900718
1899	18.3911151
1900	18.3912467
1901	18.3922691
1902	18.3922004
1903	18.3932895
1904	18.3934116
1905	18.3939609
1906	18.3944263
1907	18.3950042
1908	18.3953094
1909	18.3954105
1910	18.3962001
1911	18.3964767
1912	18.3964176
1913	18.397274
1914	18.3976802
1915	18.3981819
1916	18.3981494
1917	18.3986186
1918	18.3986263
1919	18.3999595
1920	18.4001407
1921	18.4003963
1922	18.400938
1923	18.4009933
1924	18.4000797
1925	18.3989734
1926	18.3986892
1927	18.3986511
1928	18.3981876
1929	18.397665
1930	18.3973693
1931	18.397499
1932	18.3968944
1933	18.3966579
1934	18.3965129
1935	18.3960342
1936	18.3958873
1937	18.3955326
1938	18.3955192
1939	18.394205
1940	18.3941307
1941	18.3941516
1942	18.39361
1943	18.3939895
1944	18.3929767
1945	18.3929405
1946	18.3927364
1947	18.3925952
1948	18.3924102
1949	18.3918609
1950	18.3913631
1951	18.3913631
1952	18.3905143
1953	18.3904418
1954	18.3904552
1955	18.3903045
1956	18.3897838
1957	18.3895702
1958	18.389244
1959	18.3892097
1960	18.3890342
1961	18.388647
1962	18.3885326
1963	18.3878726
1964	18.3883666
1965	18.3870544
1966	18.386692
1967	18.3867778
1968	18.3863906
1969	18.3865184
1970	18.3862667
1971	18.3860607
1972	18.385683
1973	18.3857746
1974	18.3848915
1975	18.3851032
1976	18.384552
1977	18.3847808
1978	18.3843688
1979	18.3834247
1980	18.3828773
1981	18.3827323
1982	18.3833446
1983	18.3835945
1984	18.3827667
1985	18.3819713
1986	18.3819808
1987	18.3819961
1988	18.3817348
1989	18.3811416
1990	18.3811721
1991	18.3810386
1992	18.3810653
1993	18.3799705
1994	18.3805484
1995	18.379713
1996	18.3799648
1997	18.3787403
1998	18.3789577
1999	18.3782062
2000	18.3783893
2001	18.3785915
2002	18.3781604
2003	18.3778572
2004	18.3771133
2005	18.3771533
2006	18.3766498
2007	18.3764553
2008	18.3763198
2009	18.3761634
2010	18.3764419
2011	18.3763065
2012	18.3751888
2013	18.3753643
2014	18.3751869
2015	18.374649
2016	18.3742866
2017	18.3745536
2018	18.3747539
2019	18.3739471
2020	18.3732891
2021	18.3730773
2022	18.3732604
2023	18.3721313
2024	18.3727016
2025	18.3718967
2026	18.3718795
2027	18.3712577
2028	18.3713378
2029	18.3715763
2030	18.3714714
2031	18.3708419
2032	18.3708648
2033	18.3706912
2034	18.3704757
2035	18.3697013
2036	18.3690719
2037	18.3696479
2038	18.3699741
2039	18.3694496
2040	18.3691635
2041	18.3692092
2042	18.3688278
2043	18.3679656
2044	18.3677539
2045	18.3673839
2046	18.367136
2047	18.3676319
2048	18.366867
2049	18.3665561
2050	18.366455
2051	18.3667373
2052	18.366188
2053	18.3659858
2054	18.365982
2055	18.3657455
2056	18.3654479
2057	18.3654403
2058	18.3640956
2059	18.3643894
2060	18.3632049
2061	18.3640308
2062	18.3637466
2063	18.3628692
2064	18.362318
2065	18.3629779
2066	18.3630428
2067	18.3624839
2068	18.3624515
2069	18.3612098
2070	18.3618144
2071	18.3619079
2072	18.3610439
2073	18.3612995
2074	18.3614635
2075	18.3611164
2076	18.3610496
2077	18.3607139
2078	18.3601417
2079	18.3601036
2080	18.3597545
2081	18.3603477
2082	18.359972
2083	18.3591003
2084	18.3591556
2085	18.3588657
2086	18.3597431
2087	18.3586502
2088	18.3588695
2089	18.3584098
2090	18.3576564
2091	18.3570842
2092	18.357294
2093	18.3564338
2094	18.3571681
2095	18.3574275
2096	18.3566188
2097	18.3564033
2098	18.3560962
2099	18.3555126
2100	18.3563385
2101	18.3550453
2102	18.3549404
2103	18.3551731
2104	18.3546466
2105	18.353918
2106	18.3555469
2107	18.3549709
2108	18.3543605
2109	18.3536052
2110	18.3531455
2111	18.3538703
2112	18.3532257
2113	18.3532333
2114	18.3535537
2115	18.3524742
2116	18.3528347
2117	18.3527069
2118	18.3518657
2119	18.3517646
2120	18.3519248
2121	18.351427
2122	18.3517341
2123	18.3512344
2124	18.3502693
2125	18.35046
2126	18.3499736
2127	18.3503131
2128	18.3500251
2129	18.3496723
2130	18.3494148
2131	18.3493366
2132	18.3490219
2133	18.3485031
2134	18.3483619
2135	18.3480892
2136	18.3479766
2137	18.3479156
2138	18.3474464
2139	18.3477497
2140	18.3469314
2141	18.346733
2142	18.3463478
2143	18.3463649
2144	18.3459873
2145	18.3461475
2146	18.3459281
2147	18.346693
2148	18.3457889
2149	18.3456382
2150	18.3465213
2151	18.3448429
2152	18.3447055
2153	18.3443489
2154	18.3448715
2155	18.3443393
2156	18.344347
2157	18.3436222
2158	18.3433246
2159	18.3439216
2160	18.3421382
2161	18.3438224
2162	18.3430919
2163	18.342699
2164	18.3422641
2165	18.3414802
2166	18.341835
2167	18.3414802
2168	18.3418636
2169	18.3421783
2170	18.3425273
2171	18.3415699
2172	18.3412017
2173	18.3409481
2174	18.3405151
2175	18.3402786
2176	18.3397827
2177	18.3399276
2178	18.3398323
2179	18.3398303
2180	18.339569
2181	18.3393039
2182	18.3389778
2183	18.3393592
2184	18.338499
2185	18.3381366
2186	18.3386592
2187	18.3385677
2188	18.3386173
2189	18.3377609
2190	18.3374614
2191	18.3371257
2192	18.3371143
2193	18.3368721
2194	18.3365421
2195	18.33675
2196	18.3360958
2197	18.336523
2198	18.3358592
2199	18.3352527
2200	18.33502
2201	18.3363494
2202	18.3361682
2203	18.3352108
2204	18.3351478
2205	18.3346786
2206	18.334814
2207	18.3343124
2208	18.3339748
2209	18.3342914
2210	18.3325595
2211	18.3334808
2212	18.3337116
2213	18.3338241
2214	18.3328247
2215	18.3326759
2216	18.3319988
2217	18.3326873
2218	18.3320522
2219	18.3327713
2220	18.3321609
2221	18.3322792
2222	18.3312072
2223	18.3312416
2224	18.3305225
2225	18.330286
2226	18.330471
2227	18.3308563
2228	18.3305511
2229	18.3298587
2230	18.330511
2231	18.3297386
2232	18.3300571
2233	18.3291721
2234	18.329277
2235	18.3293247
2236	18.3289299
2237	18.3288974
2238	18.3284626
2239	18.3287658
2240	18.3284015
2241	18.3284263
2242	18.3282146
2243	18.3275604
2244	18.3280639
2245	18.3280277
2246	18.3276081
2247	18.3267269
2248	18.326622
2249	18.3266277
2250	18.3264827
2251	18.3264732
2252	18.3257694
2253	18.3257198
2254	18.3259468
2255	18.3265876
2256	18.3256454
2257	18.3256931
2258	18.3247966
2259	18.3250217
2260	18.3245868
2261	18.3248329
2262	18.3242111
2263	18.3238754
2264	18.32448
2265	18.3238086
2266	18.3239421
2267	18.3236484
2268	18.3233833
2269	18.3232078
2270	18.3232498
2271	18.3216171
2272	18.3216876
2273	18.3226108
2274	18.3222904
2275	18.3220043
2276	18.3220615
2277	18.3209819
2278	18.3214855
2279	18.3212432
2280	18.3209476
2281	18.3206062
2282	18.3210868
2283	18.3210849
2284	18.3200855
2285	18.3202228
2286	18.3201274
2287	18.3198089
2288	18.3194847
2289	18.3201141
2290	18.3197574
2291	18.3192539
2292	18.3199653
2293	18.3194103
2294	18.3186759
2295	18.3188514
2296	18.3188133
2297	18.3181686
2298	18.3176593
2299	18.3179264
2300	18.3181419
2301	18.317913
2302	18.3169307
2303	18.3170814
2304	18.3166637
2305	18.3163433
2306	18.3163738
2307	18.3163909
2308	18.3162631
2309	18.3162422
2310	18.3161163
2311	18.3157939
2312	18.3157691
2313	18.3154792
2314	18.3152885
2315	18.3157615
2316	18.3159046
2317	18.3151721
2318	18.3149108
2319	18.3146247
2320	18.3144264
2321	18.3143939
2322	18.313816
2323	18.3135318
2324	18.3134326
2325	18.3138351
2326	18.3134574
2327	18.3132266
2328	18.3125247
2329	18.3125553
2330	18.3127555
2331	18.3126907
2332	18.312067
2333	18.3118457
2334	18.3119411
2335	18.3124752
2336	18.311861
2337	18.3121871
2338	18.312498
2339	18.3135967
2340	18.3109931
2341	18.3122234
2342	18.3111362
2343	18.3108577
2344	18.3104419
2345	18.3105258
2346	18.310131
2347	18.3093662
2348	18.309822
2349	18.3065223
2350	18.3098697
2351	18.3092918
2352	18.3095092
2353	18.3086795
2354	18.308794
2355	18.3089122
2356	18.3086395
2357	18.3083248
2358	18.3086166
2359	18.3078041
2360	18.3079032
2361	18.3080558
2362	18.3079319
2363	18.3070678
2364	18.3068389
2365	18.3076076
2366	18.3072967
2367	18.3073596
2368	18.3064556
2369	18.3066005
2370	18.3068332
2371	18.3065338
2372	18.3063755
2373	18.305809
2374	18.3052654
2375	18.305809
2376	18.3058414
2377	18.3048954
2378	18.3051166
2379	18.3048934
2380	18.3044052
2381	18.3045387
2382	18.3041458
2383	18.3044662
2384	18.3041362
2385	18.3042621
2386	18.3036956
2387	18.3035774
2388	18.3037128
2389	18.30303
2390	18.3035602
2391	18.3036708
2392	18.3029823
2393	18.3027133
2394	18.3024082
2395	18.302
2396	18.3020477
2397	18.3020496
2398	18.3020954
2399	18.3017044
2400	18.3016414
2401	18.3013076
2402	18.3015842
2403	18.3009815
2404	18.3015651
2405	18.3011779
2406	18.3012714
2407	18.3010234
2408	18.3003902
2409	18.2997913
2410	18.299652
2411	18.3002872
2412	18.3001499
2413	18.3001708
2414	18.3000221
2415	18.2991275
2416	18.2997417
2417	18.2991867
2418	18.2990303
2419	18.2984409
2420	18.298521
2421	18.2990627
2422	18.2992057
2423	18.2986736
2424	18.2984256
2425	18.2979164
2426	18.2978534
2427	18.2976608
2428	18.2969665
2429	18.2977199
2430	18.2972679
2431	18.2964496
2432	18.2968254
2433	18.2960643
2434	18.2966766
2435	18.296421
2436	18.2961311
2437	18.2962989
2438	18.2959003
2439	18.2959041
2440	18.2962474
2441	18.2956237
2442	18.2954425
2443	18.2949619
2444	18.2947025
2445	18.2944736
2446	18.294733
2447	18.2946014
2448	18.2944068
2449	18.2941894
2450	18.2945632
2451	18.2940368
2452	18.2938461
2453	18.2935447
2454	18.2939376
2455	18.2934913
2456	18.2930583
2457	18.2931632
2458	18.2928256
2459	18.2924613
2460	18.2926254
2461	18.2925033
2462	18.2924747
2463	18.2922382
2464	18.2922363
2465	18.2920513
2466	18.2920169
2467	18.29216
2468	18.2914333
2469	18.2911128
2470	18.2912254
2471	18.2908897
2472	18.2909355
2473	18.2909202
2474	18.2910594
2475	18.2908229
2476	18.2909393
2477	18.2910308
2478	18.2905845
2479	18.2895183
2480	18.2895278
2481	18.2899646
2482	18.2894325
2483	18.2895622
2484	18.2894725
2485	18.2889499
2486	18.2890167
2487	18.2892017
2488	18.2882862
2489	18.2886886
2490	18.2880668
2491	18.2882461
2492	18.2882499
2493	18.2878494
2494	18.2878742
2495	18.2879333
2496	18.2872123
2497	18.2872886
2498	18.2869319
2499	18.2869758
2500	18.2863979
2501	18.2858085
2502	18.286457
2503	18.2867565
2504	18.286417
2505	18.2868804
2506	18.2862167
2507	18.2861633
2508	18.2857322
2509	18.2855987
2510	18.2858066
2511	18.2851867
2512	18.2859344
2513	18.2855529
2514	18.2845001
2515	18.2843742
2516	18.2856769
2517	18.2847614
2518	18.2852802
2519	18.2840824
2520	18.2837963
2521	18.283596
2522	18.2844085
2523	18.2836017
2524	18.2837524
2525	18.2827453
2526	18.2829208
2527	18.2833347
2528	18.2831134
2529	18.2829456
2530	18.2824192
2531	18.282484
2532	18.2823905
2533	18.2828197
2534	18.2823238
2535	18.2829151
2536	18.2821331
2537	18.2820987
2538	18.2822246
2539	18.2811908
2540	18.2812175
2541	18.2815074
2542	18.2808647
2543	18.2807807
2544	18.2815742
2545	18.2815265
2546	18.2805976
2547	18.281042
2548	18.280405
2549	18.2797889
2550	18.2795257
2551	18.2800254
2552	18.2802715
2553	18.2797527
2554	18.279314
2555	18.2787799
2556	18.2789134
2557	18.2799968
2558	18.2783451
2559	18.2784423
2560	18.2783126
2561	18.2779483
2562	18.2780303
2563	18.2788982
2564	18.2784156
2565	18.2780055
2566	18.2779102
2567	18.2775421
2568	18.2784023
2569	18.2772064
2570	18.2778244
2571	18.2772693
2572	18.2771339
2573	18.2768363
2574	18.276762
2575	18.2766361
2576	18.2762947
2577	18.2764587
2578	18.2765178
2579	18.2765598
2580	18.2766437
2581	18.2761306
2582	18.2760448
2583	18.2759857
2584	18.2759208
2585	18.2756595
2586	18.2755966
2587	18.2750034
2588	18.2753353
2589	18.2750701
2590	18.2746353
2591	18.2744388
2592	18.2742557
2593	18.2740364
2594	18.2744274
2595	18.2746772
2596	18.2736377
2597	18.2728862
2598	18.273283
2599	18.2724113
2600	18.2733001
2601	18.2737426
2602	18.2733364
2603	18.2736816
2604	18.2728652
2605	18.2729129
2606	18.2754955
2607	18.2722854
2608	18.2717285
2609	18.2718868
2610	18.2719192
2611	18.2722702
2612	18.2714843
2613	18.2716751
2614	18.2716541
2615	18.2708549
2616	18.2718276
2617	18.2720565
2618	18.2708969
2619	18.270811
2620	18.2709693
2621	18.2705001
2622	18.2702598
2623	18.2703304
2624	18.2710151
2625	18.2705993
2626	18.2693347
2627	18.2699527
2628	18.2702674
2629	18.2699089
2630	18.2694931
2631	18.2702617
2632	18.2698554
2633	18.2689228
2634	18.2696609
2635	18.2699508
2636	18.269802
2637	18.2687911
2638	18.2682418
2639	18.267847
2640	18.268671
2641	18.2681922
2642	18.268259
2643	18.2679557
2644	18.2675971
2645	18.2676925
2646	18.2698593
2647	18.2675228
2648	18.265356
2649	18.267332
2650	18.2671108
2651	18.2667694
2652	18.2671813
2653	18.2664756
2654	18.2658901
2655	18.2660655
2656	18.2664833
2657	18.2659473
2658	18.2659111
2659	18.2663516
2660	18.2658958
2661	18.2654609
2662	18.2658252
2663	18.2648639
2664	18.2651977
2665	18.2646923
2666	18.26441
2667	18.2648315
2668	18.2646408
2669	18.2644672
2670	18.2642955
2671	18.2645816
2672	18.2643642
2673	18.2643699
2674	18.26445
2675	18.2643966
2676	18.2632522
2677	18.2637023
2678	18.2639598
2679	18.263195
2680	18.2631511
2681	18.2636413
2682	18.2635612
2683	18.2630138
2684	18.2627429
2685	18.2625331
2686	18.2623729
2687	18.2619628
2688	18.2621879
2689	18.2624263
2690	18.2628459
2691	18.2619972
2692	18.2620639
2693	18.261301
2694	18.2623424
2695	18.2616252
2696	18.2615127
2697	18.2617855
2698	18.2613697
2699	18.2606487
2700	18.2610778
2701	18.2605152
2702	18.2607593
2703	18.2604827
2704	18.2608013
2705	18.260931
2706	18.2602806
2707	18.2598381
2708	18.25914
2709	18.2595748
2710	18.2603225
2711	18.2598571
2712	18.2595729
2713	18.2595329
2714	18.2592544
2715	18.2587623
2716	18.2591037
2717	18.2595672
2718	18.2587318
2719	18.2589206
2720	18.258831
2721	18.2579421
2722	18.2581119
2723	18.2577972
2724	18.2580947
2725	18.2578353
2726	18.2576465
2727	18.2578639
2728	18.2580738
2729	18.2579326
2730	18.2576198
2731	18.2571983
2732	18.2577037
2733	18.2567195
2734	18.257246
2735	18.2570228
2736	18.257389
2737	18.2556457
2738	18.2519187
2739	18.2453079
2740	18.237421
2741	18.2282199
2742	18.220293
2743	18.2116241
2744	18.2035388
2745	18.194477
2746	18.1859169
2747	18.1781005
2748	18.1701869
2749	18.1622943
2750	18.1547851
2751	18.1469116
2752	18.1396503
2753	18.1319236
2754	18.1234169
2755	18.1175937
2756	18.1112957
2757	18.1036357
2758	18.0977058
2759	18.0907516
2760	18.0844593
2761	18.0781002
2762	18.0719108
2763	18.0653438
2764	18.0587463
2765	18.0527496
2766	18.0467948
2767	18.0401782
2768	18.0350971
2769	18.0297393
2770	18.024105
2771	18.0193805
2772	18.0134754
2773	18.0084648
2774	18.0033531
2775	17.9978847
2776	17.9932899
2777	17.9881877
2778	17.9846572
2779	17.9797916
2780	17.9745044
2781	17.9706153
2782	17.9654808
2783	17.9615306
2784	17.9574565
2785	17.9531002
2786	17.949398
2787	17.9455833
2788	17.9414215
2789	17.9381465
2790	17.9345149
2791	17.9308624
2792	17.9270286
2793	17.9234619
2794	17.9201107
2795	17.915924
2796	17.9132385
2797	17.9102134
2798	17.9067287
2799	17.9035663
2800	17.9004764
2801	17.8973827
2802	17.8942108
2803	17.8917922
2804	17.8884582
2805	17.8860492
2806	17.8833675
2807	17.8808574
2808	17.8779506
2809	17.8757896
2810	17.8727474
2811	17.8700542
2812	17.8678073
2813	17.8657474
2814	17.8633136
2815	17.8612098
2816	17.8593711
2817	17.8586025
2818	17.85857
2819	17.8564033
2820	17.8565578
2821	17.8518428
2822	17.8448467
2823	17.8390884
2824	17.8319778
2825	17.824337
2826	17.8186092
2827	17.8110103
2828	17.8063106
2829	17.8002681
2830	17.7944889
2831	17.7896881
2832	17.7850646
2833	17.7794399
2834	17.7746391
2835	17.7700977
2836	17.7666206
2837	17.7622337
2838	17.7586498
2839	17.7548561
2840	17.7509212
2841	17.7477111
2842	17.7447586
2843	17.741621
2844	17.7383422
2845	17.7361221
2846	17.7333812
2847	17.7306423
2848	17.7283287
2849	17.7250137
2850	17.7234363
2851	17.7216987
2852	17.7198219
2853	17.7178497
2854	17.7156658
2855	17.7135887
2856	17.7119388
2857	17.7105293
2858	17.7090644
2859	17.7074127
2860	17.705944
2861	17.7027835
2862	17.7034931
2863	17.7019805
2864	17.7009582
2865	17.6999034
2866	17.6982345
2867	17.6978588
2868	17.6957054
2869	17.6956214
2870	17.6948642
2871	17.6935214
2872	17.6926136
2873	17.6923141
2874	17.6917304
2875	17.6908378
2876	17.6910953
2877	17.690155
2878	17.6900234
2879	17.6877021
2880	17.6880836
2881	17.6875953
2882	17.6870002
2883	17.6867847
2884	17.6853275
2885	17.6845951
2886	17.6844348
2887	17.6842441
2888	17.6842117
2889	17.6838989
2890	17.6846237
2891	17.683731
2892	17.6842803
2893	17.6839656
2894	17.6830539
2895	17.6832695
2896	17.6827774
2897	17.6823711
2898	17.6827392
2899	17.6823863
2900	17.6827449
2901	17.6830005
2902	17.6821441
2903	17.6823711
2904	17.6817932
2905	17.6817703
2906	17.6813755
2907	17.6810817
2908	17.6806774
2909	17.6808071
2910	17.6810531
2911	17.6810779
2912	17.6810913
2913	17.6809539
2914	17.681425
2915	17.6818122
2916	17.6814537
2917	17.6818981
2918	17.6816978
2919	17.6815128
2920	17.6816711
2921	17.6815567
2922	17.6813373
2923	17.6816635
2924	17.6816024
2925	17.6815223
2926	17.6812896
2927	17.6821136
2928	17.6812553
2929	17.6819877
2930	17.6825885
2931	17.6824798
2932	17.6824798
2933	17.6818809
2934	17.6826896
2935	17.6825237
2936	17.6828899
2937	17.6834068
2938	17.6829013
2939	17.6823997
2940	17.6827316
2941	17.6831989
2942	17.6830005
2943	17.6835327
2944	17.6834735
2945	17.6835365
2946	17.6831398
2947	17.6837539
2948	17.6843757
2949	17.6840324
2950	17.6845359
2951	17.6846961
2952	17.6839256
2953	17.684473
2954	17.6840553
2955	17.6847381
2956	17.6853675
2957	17.6852302
2958	17.6853828
2959	17.6858501
2960	17.6861228
2961	17.686182
2962	17.6862926
2963	17.6863746
2964	17.6862201
2965	17.6865329
2966	17.686613
2967	17.6870594
2968	17.6871795
2969	17.6874275
2970	17.6877307
2971	17.6876239
2972	17.6878089
2973	17.6877403
2974	17.6879463
2975	17.6883239
2976	17.6885719
2977	17.6883239
2978	17.6888236
2979	17.6886539
2980	17.6890182
2981	17.6893806
2982	17.6884155
2983	17.6895999
2984	17.6893653
2985	17.6890945
2986	17.6893424
2987	17.6893367
2988	17.6900787
2989	17.690464
2990	17.6908626
2991	17.6907215
2992	17.6906242
2993	17.6911792
2994	17.6914672
2995	17.6911716
2996	17.69108
2997	17.691574
2998	17.6917343
2999	17.6921596
3000	17.6921176
3001	17.6924209
3002	17.6926517
3003	17.6921958
3004	17.6928977
3005	17.6930847
3006	17.6934547
3007	17.6930141
3008	17.6935462
3009	17.6943531
3010	17.6936988
3011	17.6930618
3012	17.693737
3013	17.6903972
3014	17.6957778
3015	17.6975231
3016	17.6977443
3017	17.6994152
3018	17.7005767
3019	17.7014198
3020	17.7022647
3021	17.7028102
3022	17.7041358
3023	17.7048377
3024	17.7058448
3025	17.7061672
3026	17.706829
3027	17.7079257
3028	17.7086868
3029	17.7099628
3030	17.7105941
3031	17.7112979
3032	17.7123889
3033	17.7126636
3034	17.7132663
3035	17.714693
3036	17.7149181
3037	17.7160778
3038	17.7163028
3039	17.7172641
3040	17.7185592
3041	17.7194728
3042	17.7199954
3043	17.7207717
3044	17.7212886
3045	17.7233467
3046	17.7231998
3047	17.7237873
3048	17.7243728
3049	17.7251644
3050	17.7257728
3051	17.7265739
3052	17.7280368
3053	17.7285861
3054	17.7291126
3055	17.7288722
3056	17.7306518
3057	17.7312602
3058	17.7321262
3059	17.7324085
3060	17.7331542
3061	17.7339668
3062	17.734869
3063	17.7353076
3064	17.736309
3065	17.7371444
3066	17.7381916
3067	17.7384052
3068	17.7391109
3069	17.7391147
3070	17.7407588
3071	17.7416954
3072	17.7421531
3073	17.7422828
3074	17.7429161
3075	17.7438678
3076	17.7437553
3077	17.7453174
3078	17.7459831
3079	17.7469387
3080	17.7479724
3081	17.7467117
3082	17.748064
3083	17.7494926
3084	17.7497959
3085	17.7509555
3086	17.7522583
3087	17.7529277
3088	17.7513999
3089	17.7529811
3090	17.754034
3091	17.7543048
3092	17.7550163
3093	17.75527
3094	17.7569389
3095	17.757164
3096	17.7579441
3097	17.7582111
3098	17.7599277
3099	17.7598838
3100	17.7605915
3101	17.7614841
3102	17.7623043
3103	17.7626895
3104	17.7639293
3105	17.7647399
3106	17.764225
3107	17.7651119
3108	17.7670764
3109	17.7669334
3110	17.7682056
3111	17.7680282
3112	17.7689323
3113	17.7693634
3114	17.7703533
3115	17.771635
3116	17.7712459
3117	17.7718868
3118	17.773077
3119	17.7736148
3120	17.7729129
3121	17.7744903
3122	17.7757263
3123	17.7760257
3124	17.7773284
3125	17.7777156
3126	17.7781562
3127	17.778654
3128	17.7792263
3129	17.7800102
3130	17.7807254
3131	17.7817058
3132	17.7819538
3133	17.7828845
3134	17.7842712
3135	17.7843399
3136	17.7847232
3137	17.7849674
3138	17.786045
3139	17.7870521
3140	17.7876968
3141	17.7880134
3142	17.7884597
3143	17.7891235
3144	17.7902698
3145	17.7905597
3146	17.7912769
3147	17.791872
3148	17.7932147
3149	17.7935543
3150	17.7938652
3151	17.7942943
3152	17.795021
3153	17.7953948
3154	17.7958889
3155	17.7962532
3156	17.7975807
3157	17.7983894
3158	17.7986354
3159	17.7988929
3160	17.7997875
3161	17.8005733
3162	17.8013172
3163	17.8018932
3164	17.8026428
3165	17.8036308
3166	17.8038558
3167	17.8046607
3168	17.8049602
3169	17.8055553
3170	17.8061332
3171	17.8062725
3172	17.8070869
3173	17.8079414
3174	17.8082504
3175	17.8085823
3176	17.8103466
3177	17.8104896
3178	17.8113994
3179	17.8119869
3180	17.812704
3181	17.8136005
3182	17.8137702
3183	17.8144683
3184	17.8156929
3185	17.8162384
3186	17.8168563
3187	17.8166656
3188	17.8173713
3189	17.8181762
3190	17.8186912
3191	17.8192558
3192	17.8201198
3193	17.8206768
3194	17.821474
3195	17.8221206
3196	17.822668
3197	17.8233432
3198	17.8245868
3199	17.824234
3200	17.824583
3201	17.8257293
3202	17.8261318
3203	17.8270816
3204	17.8276443
3205	17.828474
3206	17.8287448
3207	17.8293876
3208	17.8299674
3209	17.8304157
3210	17.831356
3211	17.8316631
3212	17.8322963
3213	17.832756
3214	17.8339138
3215	17.834362
3216	17.8350315
3217	17.8356189
3218	17.8365325
3219	17.8367938
3220	17.8371601
3221	17.8381652
3222	17.838396
3223	17.8388729
3224	17.8399257
3225	17.8404159
3226	17.8411464
3227	17.8411712
3228	17.8418407
3229	17.8421249
3230	17.8428764
3231	17.8438625
3232	17.8448505
3233	17.845478
3234	17.8453025
3235	17.8460979
3236	17.8466129
3237	17.8470706
3238	17.8475399
3239	17.8482551
3240	17.8489646
3241	17.8498153
3242	17.850975
3243	17.851242
3244	17.8517475
3245	17.8526668
3246	17.8528194
3247	17.8533935
3248	17.8541336
3249	17.8547439
3250	17.8550605
3251	17.8565158
3252	17.8551063
3253	17.8567752
3254	17.8540306
3255	17.857563
3256	17.8587512
3257	17.8589496
3258	17.8599853
3259	17.8602943
3260	17.8610858
3261	17.8614349
3262	17.8623008
3263	17.862894
3264	17.8635406
3265	17.8645591
3266	17.8649826
3267	17.8652572
3268	17.8658542
3269	17.8657226
3270	17.8660202
3271	17.8674964
3272	17.8670654
3273	17.8676109
3274	17.8689289
3275	17.8695507
3276	17.8697509
3277	17.8708267
3278	17.8706474
3279	17.8716278
3280	17.8721008
3281	17.872055
3282	17.8743057
3283	17.8748455
3284	17.8752307
3285	17.875555
3286	17.8757724
3287	17.877388
3288	17.8776798
3289	17.8785095
3290	17.8785686
3291	17.8794231
3292	17.8802852
3293	17.8798561
3294	17.8801002
3295	17.8814907
3296	17.882328
3297	17.8822402
3298	17.883419
3299	17.8841133
3300	17.8827648
3301	17.8845348
3302	17.885147
3303	17.8858509
3304	17.886404
3305	17.8870468
3306	17.8881893
3307	17.8882389
3308	17.8896694
3309	17.8902015
3310	17.890068
3311	17.8909568
3312	17.8908157
3313	17.8912982
3314	17.8916416
3315	17.8922214
3316	17.8932666
3317	17.8941287
3318	17.8949718
3319	17.8954715
3320	17.8952732
3321	17.8969287
3322	17.8969078
3323	17.8974514
3324	17.897932
3325	17.8987445
3326	17.8984775
3327	17.8998908
3328	17.8997745
3329	17.9005069
3330	17.9012451
3331	17.9021263
3332	17.9025287
3333	17.9032344
3334	17.9041709
3335	17.9041404
3336	17.9046173
3337	17.9054508
3338	17.9066104
3339	17.907072
3340	17.9077033
3341	17.9079723
3342	17.9086666
3343	17.9090766
3344	17.9093227
3345	17.9095554
3346	17.9103126
3347	17.9104671
3348	17.9112491
3349	17.9117832
3350	17.9120731
3351	17.9130954
3352	17.9135169
3353	17.9143238
3354	17.9142932
3355	17.9153842
3356	17.9161529
3357	17.9166393
3358	17.9168376
3359	17.9175071
3360	17.9180183
3361	17.9191627
3362	17.9191436
3363	17.9201278
3364	17.9206295
3365	17.9211864
3366	17.9217433
3367	17.9220733
3368	17.9232368
3369	17.9234275
3370	17.9235324
3371	17.9246025
3372	17.9247894
3373	17.9262046
3374	17.9262504
3375	17.9274291
3376	17.9274845
3377	17.9271831
3378	17.9285697
3379	17.9288673
3380	17.9296646
3381	17.9306888
3382	17.9306659
3383	17.9312458
3384	17.9318733
3385	17.9322509
3386	17.932064
3387	17.9324398
3388	17.9338836
3389	17.9338779
3390	17.9351425
3391	17.9348335
3392	17.935606
3393	17.9365119
3394	17.9373416
3395	17.9375896
3396	17.9385108
3397	17.9388866
3398	17.9389343
3399	17.9387893
3400	17.9403343
3401	17.9401721
3402	17.9415683
3403	17.9421787
3404	17.9426364
3405	17.942667
3406	17.9434509
3407	17.9444866
3408	17.9444351
3409	17.9453697
3410	17.945589
3411	17.9459781
3412	17.9466915
3413	17.9469604
3414	17.9471836
3415	17.9477939
3416	17.9487762
3417	17.949007
3418	17.9501914
3419	17.9505901
3420	17.9509658
3421	17.9519748
3422	17.9521808
3423	17.9521865
3424	17.9521865
3425	17.9534473
3426	17.9543266
3427	17.955244
3428	17.9553813
3429	17.9563179
3430	17.9568824
3431	17.9574089
3432	17.9579086
3433	17.9573535
3434	17.9581966
3435	17.9588203
3436	17.9593429
3437	17.9603271
3438	17.960596
3439	17.9612674
3440	17.9621429
3441	17.9626502
3442	17.9631423
3443	17.9635295
3444	17.9639682
3445	17.964035
3446	17.9652347
3447	17.9655952
3448	17.9659843
3449	17.9659347
3450	17.9676036
3451	17.9679145
3452	17.969057
3453	17.9687995
3454	17.9689788
3455	17.9704742
3456	17.9705505
3457	17.9712047
3458	17.9714164
3459	17.9720916
3460	17.973423
3461	17.9733028
3462	17.9740905
3463	17.9741497
3464	17.9740619
3465	17.9751834
3466	17.9756622
3467	17.9767227
3468	17.9771709
3469	17.9776325
3470	17.9784145
3471	17.978569
3472	17.9787673
3473	17.9789276
3474	17.9801387
3475	17.9804992
3476	17.9808254
3477	17.9808673
3478	17.9814872
3479	17.9823265
3480	17.9827861
3481	17.9835948
3482	17.9841842
3483	17.9848747
3484	17.9845943
3485	17.9853267
3486	17.9859828
3487	17.9864883
3488	17.9868431
3489	17.9875354
3490	17.9885578
3491	17.9887981
3492	17.9892082
3493	17.9902076
3494	17.9898357
3495	17.9904041
3496	17.9910583
3497	17.9921436
3498	17.9927902
3499	17.993431
3500	17.9941825
3501	17.9941082
3502	17.9948387
3503	17.9947872
3504	17.9958114
3505	17.9964942
3506	17.996931
3507	17.9975471
3508	17.9974822
3509	17.9982929
3510	17.9984455
3511	17.9998188
3512	17.9997482
3513	18.0005531
3514	18.0007114
3515	18.0008888
3516	18.0018978
3517	18.0021724
3518	18.0022945
3519	18.0035057
3520	18.0042858
3521	18.0043029
3522	18.0048961
3523	18.0056953
3524	18.0062122
3525	18.0067653
3526	18.0070686
3527	18.0072898
3528	18.0072078
3529	18.0080051
3530	18.0087852
3531	18.0097045
3532	18.0101604
3533	18.0110511
3534	18.0110473
3535	18.0114593
3536	18.0119056
3537	18.0123558
3538	18.0125961
3539	18.013895
3540	18.0145092
3541	18.0148181
3542	18.0149135
3543	18.0150527
3544	18.0161533
3545	18.0162849
3546	18.0172519
3547	18.0170402
3548	18.0176143
3549	18.0185565
3550	18.019165
3551	18.019617
3552	18.0200881
3553	18.0206222
3554	18.0205135
3555	18.0209045
3556	18.0222091
3557	18.0224285
3558	18.0227203
3559	18.0234928
3560	18.024393
3561	18.0245151
3562	18.0248355
3563	18.0254764
3564	18.0255088
3565	18.0263481
3566	18.0272178
3567	18.0280342
3568	18.0285377
3569	18.0291576
3570	18.0295715
3571	18.0300807
3572	18.0293178
3573	18.0303535
3574	18.0318622
3575	18.0321292
3576	18.0325241
3577	18.0328121
3578	18.0334835
3579	18.0337848
3580	18.0341186
3581	18.0348339
3582	18.0353279
3583	18.0360069
3584	18.0358638
3585	18.0369834
3586	18.0376701
3587	18.0377655
3588	18.0379619
3589	18.0388336
3590	18.039196
3591	18.039484
3592	18.040924
3593	18.0411548
3594	18.0415477
3595	18.0416393
3596	18.0421619
3597	18.042818
3598	18.0431575
3599	18.0436592
3600	18.0443115
3601	18.0448417
3602	18.0450363
3603	18.0462265
3604	18.0464038
3605	18.046154
3606	18.0473442
3607	18.047409
3608	18.0482769
3609	18.0484542
3610	18.0490875
3611	18.0493354
3612	18.0500068
3613	18.0504741
3614	18.0510177
3615	18.0524024
3616	18.0525951
3617	18.0527858
3618	18.0533771
3619	18.0539531
3620	18.054346
3621	18.0546951
3622	18.0552711
3623	18.055458
3624	18.0564975
3625	18.0570125
3626	18.0577011
3627	18.0576725
3628	18.0583305
3629	18.058979
3630	18.0586872
3631	18.0585269
3632	18.0595588
3633	18.0609149
3634	18.0611
3635	18.0610752
3636	18.0620117
3637	18.0619697
3638	18.0621948
3639	18.0637435
3640	18.0636787
3641	18.0642433
3642	18.0646896
3643	18.0648479
3644	18.0661334
3645	18.0665855
3646	18.066904
3647	18.0667953
3648	18.0675392
3649	18.0679435
3650	18.0686607
3651	18.0692615
3652	18.0694885
3653	18.0704784
3654	18.0707855
3655	18.0714683
3656	18.0720596
3657	18.0716533
3658	18.0728073
3659	18.0726394
3660	18.0735359
3661	18.0736351
3662	18.0745086
3663	18.0753383
3664	18.0754833
3665	18.0758647
3666	18.076971
3667	18.0772743
3668	18.0766506
3669	18.0776939
3670	18.0780696
3671	18.0796279
3672	18.0790843
3673	18.0796356
3674	18.0804214
3675	18.080986
3676	18.0817413
3677	18.0817527
3678	18.0822925
3679	18.0823383
3680	18.0827007
3681	18.0835285
3682	18.0840148
3683	18.0842628
3684	18.0860881
3685	18.0852756
3686	18.0862998
3687	18.0866107
3688	18.0874938
3689	18.0885543
3690	18.0871887
3691	18.0884532
3692	18.0895767
3693	18.0898056
3694	18.0903511
3695	18.0906448
3696	18.0907573
3697	18.0909633
3698	18.0919971
3699	18.0924243
3700	18.0927906
3701	18.0935096
3702	18.0937366
3703	18.0941581
3704	18.0949249
3705	18.0950489
3706	18.0958175
3707	18.096445
3708	18.0961875
3709	18.0966434
3710	18.0971565
3711	18.0972232
3712	18.0975227
3713	18.0983715
3714	18.0988445
3715	18.0994968
3716	18.1000881
3717	18.1009216
3718	18.100357
3719	18.1015529
3720	18.1028404
3721	18.1019573
3722	18.1030864
3723	18.103569
3724	18.1035175
3725	18.1045227
3726	18.1047859
3727	18.1057395
3728	18.1058635
3729	18.1064739
3730	18.1068363
3731	18.1072807
3732	18.1077537
3733	18.1080379
3734	18.1082096
3735	18.1089096
3736	18.1104869
3737	18.1101169
3738	18.1103248
3739	18.1114006
3740	18.1119976
3741	18.1115722
3742	18.1126136
3743	18.1128444
3744	18.113821
3745	18.1140232
3746	18.1144428
3747	18.1147232
3748	18.1143836
3749	18.1158409
3750	18.1161956
3751	18.116352
3752	18.1172828
3753	18.1176414
3754	18.1177806
3755	18.1184024
3756	18.1191329
3757	18.1196746
3758	18.1200199
3759	18.1203689
3760	18.1208724
3761	18.1217212
3762	18.1219825
3763	18.1231002
3764	18.123228
3765	18.1238059
3766	18.1234645
3767	18.1239013
3768	18.1247005
3769	18.1250782
3770	18.1257839
3771	18.1262474
3772	18.1267299
3773	18.1269302
3774	18.1274242
3775	18.1280422
3776	18.1277008
3777	18.1287479
3778	18.1290454
3779	18.1293735
3780	18.1302127
3781	18.1305885
3782	18.1311683
3783	18.1310443
3784	18.1322441
3785	18.1328735
3786	18.1329975
3787	18.1327781
3788	18.1333255
3789	18.1344814
3790	18.1348171
3791	18.1352596
3792	18.1356048
3793	18.136425
3794	18.1365509
3795	18.1366405
3796	18.1375617
3797	18.1379795
3798	18.1381683
3799	18.1388721
3800	18.1392345
3801	18.1399517
3802	18.1403903
3803	18.14048
3804	18.1408729
3805	18.1413879
3806	18.1426773
3807	18.142847
3808	18.1430721
3809	18.1433963
3810	18.1434249
3811	18.1439495
3812	18.1443347
3813	18.1452064
3814	18.1459941
3815	18.1460933
3816	18.1471633
3817	18.1477108
3818	18.1478576
3819	18.1476345
3820	18.1481285
3821	18.1495132
3822	18.1501483
3823	18.1502704
3824	18.1499652
3825	18.1507949
3826	18.1509017
3827	18.1516132
3828	18.1514034
3829	18.1523056
3830	18.1530666
3831	18.1533946
3832	18.1537094
3833	18.1542091
3834	18.1549606
3835	18.1554603
3836	18.1555385
3837	18.1559123
3838	18.156372
3839	18.1571044
3840	18.1578273
3841	18.1584091
3842	18.1588706
3843	18.1595096
3844	18.1599082
3845	18.1601772
3846	18.1600646
3847	18.1604804
3848	18.160696
3849	18.1612911
3850	18.1619129
3851	18.1617984
3852	18.1622295
3853	18.1629467
3854	18.1632728
3855	18.1635799
3856	18.1636104
3857	18.1644496
3858	18.1650009
3859	18.1659545
3860	18.1662425
3861	18.1672058
3862	18.1671447
3863	18.1680889
3864	18.1684932
3865	18.1686363
3866	18.1684703
3867	18.1690921
3868	18.1698589
3869	18.1704006
3870	18.1709442
3871	18.1717491
3872	18.171318
3873	18.1722793
3874	18.1725521
3875	18.1730632
3876	18.1729984
3877	18.1736278
3878	18.1740856
3879	18.1746177
3880	18.1752548
3881	18.1754188
3882	18.1756954
3883	18.1764507
3884	18.1769523
3885	18.1779804
3886	18.1779079
3887	18.178194
3888	18.1787052
3889	18.17873
3890	18.1796646
3891	18.1811981
3892	18.1808567
3893	18.1812839
3894	18.1817798
3895	18.1815719
3896	18.1819381
3897	18.1821708
3898	18.1829929
3899	18.1830863
3900	18.1839294
3901	18.184267
3902	18.1852626
3903	18.1859378
3904	18.185585
3905	18.1865901
3906	18.1870403
3907	18.1868419
3908	18.1878566
3909	18.1878337
3910	18.1884136
3911	18.189167
3912	18.1891269
3913	18.1894817
3914	18.1903877
3915	18.1908683
3916	18.1907825
3917	18.1915645
3918	18.1922512
3919	18.1922111
3920	18.1934318
3921	18.1930046
3922	18.1933593
3923	18.1932563
3924	18.194519
3925	18.1938381
3926	18.1943683
3927	18.195116
3928	18.1960754
3929	18.196577
3930	18.1969318
3931	18.1979656
3932	18.1979522
3933	18.1980857
3934	18.1969738
3935	18.1994686
3936	18.1998691
3937	18.2000617
3938	18.2006034
3939	18.2003917
3940	18.2001171
3941	18.2017059
3942	18.2015819
3943	18.2026767
3944	18.2035331
3945	18.2034702
3946	18.2039108
3947	18.2045307
3948	18.2045288
3949	18.2056865
3950	18.2050991
3951	18.2059879
3952	18.206726
3953	18.205862
3954	18.2074813
3955	18.2091941
3956	18.2087287
3957	18.2102184
3958	18.209156
3959	18.2091617
3960	18.2104587
3961	18.2111625
3962	18.2112712
3963	18.2117443
3964	18.2117118
3965	18.2117233
3966	18.2123985
3967	18.2135543
3968	18.2136135
3969	18.2140789
3970	18.2141494
3971	18.2140197
3972	18.2146797
3973	18.2151699
3974	18.2163658
3975	18.2162151
3976	18.216032
3977	18.216753
3978	18.2170619
3979	18.2181491
3980	18.2185115
3981	18.2190742
3982	18.219593
3983	18.2202568
3984	18.2198829
3985	18.2205638
3986	18.2210445
3987	18.2213954
3988	18.2216453
3989	18.2222175
3990	18.2227344
3991	18.2234516
3992	18.2241611
3993	18.2244224
3994	18.2245082
3995	18.224821
3996	18.2254219
3997	18.2258453
3998	18.2263984
3999	18.2264747
4000	18.2266998
4001	18.2280235
4002	18.2285404
4003	18.2288303
4004	18.2289276
4005	18.229412
4006	18.2300376
4007	18.2300968
4008	18.2304439
4009	18.2305812
4010	18.2310104
4011	18.231739
4012	18.2326755
4013	18.2323188
4014	18.2325267
4015	18.2332363
4016	18.2340106
4017	18.2350711
4018	18.234766
4019	18.2347812
4020	18.2353649
4021	18.2358493
4022	18.2366619
4023	18.2367401
4024	18.2377376
4025	18.2378597
4026	18.2369823
4027	18.2383365
4028	18.2394618
4029	18.239643
4030	18.2398166
4031	18.2399253
4032	18.2403774
4033	18.2406978
4034	18.2410602
4035	18.2416572
4036	18.2425346
4037	18.2422294
4038	18.24304
4039	18.2436141
4040	18.2439422
4041	18.2446537
4042	18.2448806
4043	18.2454738
4044	18.2453098
4045	18.2457141
4046	18.2464714
4047	18.2465248
4048	18.2468185
4049	18.24724
4050	18.248249
4051	18.2487411
4052	18.2488784
4053	18.2498683
4054	18.2495403
4055	18.2502079
4056	18.249607
4057	18.2507839
4058	18.2509746
4059	18.2513885
4060	18.2519016
4061	18.2530536
4062	18.2528266
4063	18.2534465
4064	18.2537555
4065	18.2540798
4066	18.2543029
4067	18.2545776
4068	18.2550678
4069	18.256031
4070	18.2567253
4071	18.2574729
4072	18.2577781
4073	18.2580661
4074	18.2584152
4075	18.2591438
4076	18.2579555
4077	18.2591781
4078	18.2593898
4079	18.2604618
4080	18.2605552
4081	18.2608413
4082	18.2617988
4083	18.2615509
4084	18.2624588
4085	18.2625064
4086	18.2629547
4087	18.2632961
4088	18.2640933
4089	18.2642841
4090	18.2650012
4091	18.2646522
4092	18.2652378
4093	18.2652015
4094	18.2655544
4095	18.2658004
4096	18.2667388
4097	18.2675838
4098	18.2680301
4099	18.2683658
4100	18.2683582
4101	18.2691192
4102	18.2696781
4103	18.2696762
4104	18.2699146
4105	18.270586
4106	18.2712612
4107	18.2723007
4108	18.2725067
4109	18.2723445
4110	18.2728099
4111	18.2733078
4112	18.2732143
4113	18.2744903
4114	18.2745761
4115	18.2747097
4116	18.2750282
4117	18.2753238
4118	18.2755775
4119	18.2767791
4120	18.2765178
4121	18.2767715
4122	18.2775611
4123	18.2782421
4124	18.278408
4125	18.2787113
4126	18.2787914
4127	18.2791633
4128	18.2796955
4129	18.2806453
4130	18.2808856
4131	18.2812137
4132	18.2819385
4133	18.2820835
4134	18.2813282
4135	18.2823162
4136	18.2827358
4137	18.2835807
4138	18.2839679
4139	18.2841396
4140	18.2847843
4141	18.2850513
4142	18.2850666
4143	18.2857704
4144	18.2866191
4145	18.287075
4146	18.2877368
4147	18.2881603
4148	18.288578
4149	18.2883338
4150	18.288784
4151	18.2886486
4152	18.2889842
4153	18.289854
4154	18.2903919
4155	18.2904319
4156	18.2914123
4157	18.2916297
4158	18.2921409
4159	18.2918777
4160	18.2926731
4161	18.2934761
4162	18.2937183
4163	18.2940921
4164	18.2942256
4165	18.2950172
4166	18.2954387
4167	18.2958641
4168	18.2959461
4169	18.2964324
4170	18.2967681
4171	18.2968559
4172	18.2974739
4173	18.2978916
4174	18.2979145
4175	18.2986583
4176	18.2994441
4177	18.3000297
4178	18.30027
4179	18.3009204
4180	18.3009414
4181	18.301033
4182	18.3012104
4183	18.3020915
4184	18.3022727
4185	18.3025779
4186	18.3028564
4187	18.3036708
4188	18.3044033
4189	18.3045673
4190	18.3048171
4191	18.3046073
4192	18.3053131
4193	18.3063392
4194	18.3060207
4195	18.3069667
4196	18.3069763
4197	18.3077945
4198	18.308443
4199	18.3092861
4200	18.3093452
4201	18.3096199
4202	18.3094291
4203	18.3100605
4204	18.3101711
4205	18.31081
4206	18.3109416
4207	18.310791
4208	18.3115024
4209	18.3117294
4210	18.3126945
4211	18.3131389
4212	18.3133411
4213	18.3133678
4214	18.3140583
4215	18.314392
4216	18.3151245
4217	18.3147583
4218	18.3152256
4219	18.3167476
4220	18.3167781
4221	18.3174495
4222	18.3172988
4223	18.3174896
4224	18.3181152
4225	18.3186054
4226	18.318983
4227	18.3198108
4228	18.3200225
4229	18.3205871
4230	18.320919
4231	18.3213996
4232	18.3207569
4233	18.3214111
4234	18.3214855
4235	18.3227787
4236	18.3228816
4237	18.3229427
4238	18.3235683
4239	18.3239421
4240	18.3242435
4241	18.324501
4242	18.3256683
4243	18.3254051
4244	18.3263092
4245	18.3260364
4246	18.3268985
4247	18.3272361
4248	18.3277282
4249	18.3282871
4250	18.3278522
4251	18.3283824
4252	18.3294544
4253	18.3293266
4254	18.3298702
4255	18.3294353
4256	18.3304309
4257	18.3307895
4258	18.3310394
4259	18.3316154
4260	18.3317794
4261	18.3319759
4262	18.3325347
4263	18.3333091
4264	18.3336219
4265	18.3338146
4266	18.3343181
4267	18.3350734
4268	18.3359756
4269	18.335968
4270	18.3352451
4271	18.3357925
4272	18.3369426
4273	18.3373107
4274	18.3376216
4275	18.3378181
4276	18.3379116
4277	18.3384799
4278	18.3384113
4279	18.3392581
4280	18.3395881
4281	18.3395252
4282	18.3406467
4283	18.3408145
4284	18.3408508
4285	18.3414726
4286	18.3421478
4287	18.3419914
4288	18.3430385
4289	18.3430404
4290	18.3438796
4291	18.3443164
4292	18.3444824
4293	18.3452987
4294	18.3459167
4295	18.3454303
4296	18.3456268
4297	18.3457965
4298	18.3461494
4299	18.3467311
4300	18.3469638
4301	18.3476657
4302	18.3479156
4303	18.3486747
4304	18.3492469
4305	18.3485298
4306	18.3493824
4307	18.3502082
4308	18.3505535
4309	18.3506622
4310	18.3508148
4311	18.3511314
4312	18.3516807
4313	18.3522472
4314	18.3532123
4315	18.3531932
4316	18.353136
4317	18.354412
4318	18.3546905
4319	18.3545551
4320	18.355257
4321	18.3556118
4322	18.3557319
4323	18.3568038
4324	18.3567352
4325	18.3568248
4326	18.3577632
4327	18.3580074
4328	18.3592128
4329	18.3580894
4330	18.3588104
4331	18.359415
4332	18.3600845
4333	18.3603057
4334	18.3612098
4335	18.3605632
4336	18.3608283
4337	18.3615722
4338	18.3616447
4339	18.3621692
4340	18.3626728
4341	18.362812
4342	18.3638057
4343	18.3640289
4344	18.3642292
4345	18.3654232
4346	18.3647346
4347	18.3656024
4348	18.3662242
4349	18.3661746
4350	18.3668689
4351	18.3669433
4352	18.3668022
4353	18.3678207
4354	18.3682022
4355	18.3682327
4356	18.3691387
4357	18.3691711
4358	18.3695678
4359	18.3694133
4360	18.3700809
4361	18.370552
4362	18.3712692
4363	18.3722534
4364	18.3722591
4365	18.371828
4366	18.3724479
4367	18.3725566
4368	18.3732662
4369	18.3732109
4370	18.3738002
4371	18.3748416
4372	18.3747062
4373	18.3752212
4374	18.3757228
4375	18.3761577
4376	18.3758773
4377	18.3769264
4378	18.3770694
4379	18.3771877
4380	18.3773345
4381	18.3773422
4382	18.3778362
4383	18.3784179
4384	18.3798084
4385	18.3785858
4386	18.3797206
4387	18.3802967
4388	18.3808555
4389	18.3813915
4390	18.3811397
4391	18.3819179
4392	18.3813037
4393	18.3818225
4394	18.3821296
4395	18.3831501
4396	18.383728
4397	18.3845577
4398	18.3845176
4399	18.3853302
4400	18.38451
4401	18.3845863
4402	18.385828
4403	18.386219
4404	18.3863925
4405	18.3864192
4406	18.3863296
4407	18.3874874
4408	18.3882694
4409	18.3882408
4410	18.389122
4411	18.3892898
4412	18.3898468
4413	18.3902282
4414	18.3905715
4415	18.3898506
4416	18.3906726
4417	18.3920154
4418	18.3923053
4419	18.3921203
4420	18.3924331
4421	18.3923587
4422	18.3925762
4423	18.392477
4424	18.3935852
4425	18.3940353
4426	18.3945293
4427	18.3949108
4428	18.3951435
4429	18.3960609
4430	18.3965167
4431	18.3968448
4432	18.3965587
4433	18.3968658
4434	18.3969268
4435	18.3975372
4436	18.3980464
4437	18.3987674
4438	18.398981
4439	18.3988761
4440	18.3996219
4441	18.4001026
4442	18.4004917
4443	18.4004516
4444	18.4012832
4445	18.4018058
4446	18.4022502
4447	18.4019813
4448	18.4025363
4449	18.4028263
4450	18.4034061
4451	18.4038753
4452	18.4037761
4453	18.403923
4454	18.4052143
4455	18.4052772
4456	18.4059963
4457	18.4059944
4458	18.4066562
4459	18.4065418
4460	18.4071769
4461	18.4069175
4462	18.4070224
4463	18.4074268
4464	18.4077472
4465	18.4085483
4466	18.4086761
4467	18.4093475
4468	18.4097557
4469	18.4097347
4470	18.4102745
